0,1,5.753846153846156
1,0,-0.3999999999999986
2,3,-0.3999999999999986
3,0,-0.3999999999999986
4,0,-0.3999999999999986
5,0,-0.3999999999999999
6,0,-0.40000000000000036
7,2,-0.40000000000000036
8,3,2.6769230769230785
9,1,-0.3999999999999986
10,0,-0.3999999999999986
11,1,-0.3999999999999986
12,0,-0.3999999999999986
13,2,-0.40000000000000036
14,0,-0.40000000000000036
15,1,-0.40000000000000036
16,0,-0.40000000000000036
17,4,-0.40000000000000036
18,3,-0.40000000000000036
19,1,-0.40000000000000036
20,1,-0.40000000000000013
21,0,-0.3999999999999999
22,2,-0.4
23,2,-0.4000000000000001
24,0,-0.3999999999999999
25,2,-0.40000000000000013
26,1,-0.40000000000000036
27,1,-0.40000000000000036
28,0,-0.40000000000000013
29,0,-0.40000000000000036
30,1,-0.40000000000000036
31,3,-0.40000000000000036
32,4,-0.40000000000000036
33,1,-0.399999999999999
34,0,2.6769230769230776
35,4,-0.40000000000000036
36,3,-0.40000000000000036
37,2,-0.40000000000000036
38,4,-0.40000000000000036
39,0,-0.40000000000000036
40,3,-0.3999999999999999
41,2,-0.3999999999999986
42,4,-0.3999999999999986
43,1,-0.3999999999999986
44,1,-0.3999999999999986
45,0,-0.3999999999999986
46,2,-0.3999999999999986
47,0,-0.3999999999999986
48,0,-0.3999999999999986
49,2,2.676923076923078
50,3,-0.3999999999999986
51,3,-0.3999999999999986
52,0,-0.3999999999999986
53,2,-0.3999999999999986
54,1,-0.3999999999999986
55,0,-0.3999999999999986
56,2,-0.3999999999999986
57,0,-0.3999999999999986
58,3,-0.3999999999999986
59,2,-0.3999999999999986
60,4,-0.3999999999999986
61,4,-0.3999999999999986
62,0,-0.3999999999999986
63,1,-0.3999999999999986
64,1,-0.3999999999999986
65,4,-0.3999999999999986
66,1,-0.3999999999999986
67,2,-0.3999999999999986
68,1,-0.3999999999999986
69,2,-0.3999999999999986
70,3,-0.3999999999999986
71,4,2.676923076923078
72,0,-0.3999999999999986
73,1,-0.3999999999999986
74,3,-0.3999999999999986
75,4,-0.3999999999999986
76,0,-0.3999999999999986
77,3,-0.3999999999999986
78,0,-0.3999999999999986
79,1,-0.3999999999999986
80,1,-0.3999999999999986
81,4,-0.3999999999999986
82,0,-0.3999999999999986
83,2,-0.3999999999999986
84,1,-0.3999999999999986
85,3,-0.3999999999999986
86,4,-0.4000000000000039
87,4,-0.4000000000000057
88,2,-0.4000000000000057
89,0,-0.4000000000000057
90,4,-0.4000000000000057
91,4,-0.4000000000000057
92,3,-0.4000000000000057
93,3,-0.4000000000000057
94,1,2.676923076923071
95,2,-0.4000000000000057
96,2,-0.4000000000000057
97,0,-0.4000000000000057
98,4,-0.4000000000000057
99,3,-0.4000000000000057
100,4,-0.4000000000000057
101,0,-0.4000000000000057
102,1,-0.4000000000000057
103,2,-0.4000000000000057
104,3,2.676923076923071
105,2,-0.4000000000000057
106,4,-0.4000000000000057
107,4,-0.4000000000000057
108,0,-0.4000000000000057
109,3,-0.4000000000000057
110,1,-0.4000000000000057
111,0,-0.4000000000000057
112,3,-0.4000000000000057
113,4,2.676923076923071
114,4,-0.4000000000000057
115,1,-0.4000000000000057
116,4,-0.4000000000000057
117,4,-0.4000000000000057
118,3,-0.4000000000000057
119,2,-0.4000000000000057
120,0,-0.4000000000000057
121,4,-0.4000000000000057
122,0,-0.4000000000000057
123,0,-0.4000000000000057
124,1,-0.4000000000000057
125,0,-0.4000000000000057
126,0,-0.4000000000000057
127,4,-0.4000000000000057
128,0,-0.4000000000000057
129,2,-0.4000000000000057
130,3,-0.4000000000000057
131,0,-0.4000000000000057
132,3,-0.4000000000000057
133,0,-0.4000000000000057
134,1,-0.4000000000000057
135,0,-0.4000000000000057
136,2,-0.4000000000000057
137,4,-0.4000000000000057
138,0,-0.4000000000000057
139,1,-0.4000000000000057
140,3,-0.4000000000000057
141,4,-0.4000000000000057
142,0,-0.4000000000000057
143,1,-0.4000000000000057
144,4,-0.4000000000000057
145,1,-0.4000000000000057
146,2,-0.4000000000000057
147,0,-0.4000000000000057
148,4,-0.4000000000000057
149,0,-0.4000000000000057
150,4,-0.4000000000000057
151,1,-0.4000000000000057
152,3,2.676923076923071
153,2,-0.4000000000000057
154,2,-0.4000000000000057
155,1,-0.4000000000000057
156,0,-0.40000000000000213
157,4,-0.4000000000000057
158,4,-0.4000000000000057
159,2,-0.4000000000000057
160,3,-0.4000000000000057
161,4,-0.4000000000000057
162,4,-0.4000000000000057
163,3,-0.4000000000000057
164,2,-0.4000000000000057
165,2,-0.4000000000000057
166,4,-0.4000000000000057
167,1,-0.4000000000000057
168,2,-0.4000000000000057
169,1,-0.4000000000000057
170,3,-0.4000000000000057
171,2,-0.4000000000000057
172,2,-0.4000000000000057
173,1,-0.4000000000000057
174,3,-0.4000000000000057
175,1,-0.4000000000000057
176,1,-0.4000000000000057
177,3,2.6769230769230745
178,0,-0.4000000000000057
179,3,-0.4000000000000057
180,2,-0.4000000000000057
181,1,-0.4000000000000057
182,0,-0.4000000000000057
183,4,2.6769230769230745
184,0,-0.4000000000000057
185,2,-0.4000000000000057
186,4,-0.4000000000000057
187,4,-0.4000000000000057
188,4,-0.4000000000000057
189,3,-0.4000000000000057
190,0,-0.4000000000000057
191,3,-0.4000000000000057
192,1,-0.4000000000000057
193,3,-0.4000000000000057
194,0,-0.4000000000000057
195,3,-0.4000000000000057
196,0,-0.4000000000000057
197,0,-0.4000000000000057
198,1,-0.4000000000000057
199,2,-0.4000000000000057
200,4,-0.4000000000000057
201,1,-0.4000000000000057
202,1,-0.4000000000000057
203,1,-0.4000000000000057
204,0,-0.4000000000000057
205,4,-0.4000000000000057
206,2,-0.4000000000000057
207,0,-0.4000000000000057
208,0,-0.4000000000000057
209,1,-0.4000000000000057
210,2,-0.4000000000000057
211,0,-0.4000000000000057
212,0,-0.4000000000000057
213,4,-0.4000000000000057
214,1,-0.4000000000000057
215,4,-0.4000000000000057
216,1,-0.4000000000000057
217,0,-0.4000000000000057
218,4,2.6769230769230745
219,2,-0.4000000000000057
220,3,-0.4000000000000057
221,0,-0.4000000000000057
222,0,-0.4000000000000057
223,0,-0.4000000000000057
224,3,-0.4000000000000057
225,4,-0.4000000000000057
226,1,-0.4000000000000057
227,0,-0.4000000000000057
228,3,-0.4000000000000057
229,2,-0.4000000000000057
230,0,-0.4000000000000057
231,0,-0.4000000000000057
232,1,-0.4000000000000057
233,3,-0.4000000000000057
234,0,-0.4000000000000057
235,2,-0.4000000000000057
236,3,2.6769230769230745
237,4,-0.4000000000000057
238,1,-0.4000000000000057
239,3,-0.4000000000000057
240,3,-0.4000000000000057
241,3,-0.4000000000000057
242,4,-0.4000000000000057
243,0,-0.4000000000000057
244,3,-0.4000000000000057
245,1,-0.4000000000000057
246,1,-0.4000000000000057
247,3,-0.4000000000000057
248,0,-0.4000000000000057
249,1,-0.4000000000000057
250,2,6.742857142857145
251,2,-0.3999999999999986
252,2,-0.3999999999999986
253,2,-0.3999999999999986
254,1,-0.3999999999999986
255,3,-0.3999999999999986
256,1,3.1714285714285735
257,0,-0.3999999999999986
258,0,-0.3999999999999986
259,4,-0.3999999999999986
260,2,-0.3999999999999986
261,4,-0.3999999999999986
262,4,-0.3999999999999986
263,2,-0.3999999999999986
264,0,-0.3999999999999986
265,3,-0.3999999999999986
266,4,-0.399999999999999
267,1,-0.40000000000000036
268,1,-0.40000000000000036
269,0,-0.40000000000000036
270,1,-0.40000000000000036
271,2,-0.40000000000000036
272,1,-0.40000000000000036
273,2,-0.40000000000000036
274,4,-0.4
275,0,-0.3999999999999999
276,0,-0.4
277,1,-0.4
278,1,-0.3999999999999999
279,0,-0.40000000000000024
280,4,-0.40000000000000036
281,3,-0.40000000000000013
282,1,-0.40000000000000036
283,4,-0.40000000000000036
284,0,-0.40000000000000036
285,4,-0.40000000000000036
286,0,-0.40000000000000036
287,2,-0.3999999999999986
288,1,-0.3999999999999986
289,4,-0.3999999999999986
290,4,-0.3999999999999986
291,1,-0.3999999999999986
292,4,-0.3999999999999986
293,3,-0.3999999999999986
294,2,3.1714285714285717
295,4,-0.39999999999999947
296,4,-0.3999999999999986
297,0,-0.3999999999999986
298,1,-0.3999999999999986
299,1,-0.3999999999999986
300,0,-0.3999999999999986
301,3,-0.3999999999999986
302,0,-0.3999999999999986
303,2,-0.3999999999999986
304,1,-0.3999999999999986
305,0,-0.3999999999999986
306,1,-0.3999999999999986
307,2,-0.3999999999999986
308,2,-0.3999999999999986
309,0,-0.3999999999999986
310,0,-0.3999999999999986
311,4,-0.3999999999999986
312,1,-0.3999999999999986
313,0,-0.3999999999999986
314,2,-0.3999999999999986
315,3,-0.3999999999999986
316,0,-0.3999999999999986
317,0,3.1714285714285726
318,4,-0.3999999999999986
319,1,-0.3999999999999986
320,0,-0.3999999999999986
321,2,-0.3999999999999986
322,4,-0.3999999999999986
323,0,-0.3999999999999986
324,1,-0.3999999999999986
325,1,-0.3999999999999986
326,2,-0.3999999999999986
327,1,-0.3999999999999986
328,1,-0.3999999999999986
329,0,-0.3999999999999986
330,0,-0.3999999999999986
331,3,-0.3999999999999986
332,0,-0.3999999999999986
333,0,-0.3999999999999986
334,4,-0.40000000000000213
335,1,-0.4000000000000057
336,3,-0.4000000000000057
337,4,-0.4000000000000057
338,0,-0.4000000000000057
339,0,-0.4000000000000057
340,0,-0.4000000000000057
341,1,-0.4000000000000057
342,1,-0.4000000000000057
343,0,-0.4000000000000057
344,0,-0.4000000000000057
345,1,3.1714285714285673
346,2,-0.4000000000000057
347,0,-0.4000000000000057
348,2,-0.4000000000000057
349,4,-0.4000000000000057
350,3,-0.4000000000000057
351,1,-0.4000000000000057
352,2,-0.4000000000000057
353,1,-0.4000000000000057
354,0,-0.4000000000000057
355,1,-0.4000000000000057
356,0,-0.4000000000000057
357,4,-0.4000000000000057
358,2,-0.4000000000000057
359,0,-0.4000000000000057
360,3,-0.4000000000000057
361,3,-0.4000000000000057
362,2,-0.4000000000000057
363,4,-0.4000000000000057
364,4,-0.4000000000000057
365,1,-0.4000000000000057
366,2,-0.4000000000000057
367,3,-0.4000000000000057
368,0,-0.4000000000000057
369,2,-0.4000000000000057
370,0,-0.4000000000000057
371,1,3.1714285714285673
372,0,-0.4000000000000057
373,0,-0.4000000000000057
374,0,-0.4000000000000057
375,0,-0.4000000000000057
376,0,-0.4000000000000057
377,0,-0.4000000000000057
378,4,-0.4000000000000057
379,4,-0.4000000000000057
380,0,-0.4000000000000057
381,4,-0.4000000000000057
382,3,-0.4000000000000057
383,0,-0.4000000000000057
384,0,-0.4000000000000057
385,1,-0.4000000000000057
386,3,-0.4000000000000057
387,1,-0.4000000000000057
388,3,-0.4000000000000057
389,3,-0.4000000000000057
390,3,-0.4000000000000057
391,3,-0.4000000000000057
392,0,-0.4000000000000057
393,0,3.1714285714285673
394,4,-0.4000000000000057
395,0,-0.4000000000000057
396,2,-0.4000000000000057
397,3,-0.4000000000000057
398,1,-0.4000000000000057
399,3,-0.4000000000000057
400,0,-0.4000000000000057
401,3,-0.40000000000000213
402,2,-0.4000000000000057
403,0,-0.4000000000000057
404,0,-0.4000000000000057
405,1,-0.4000000000000057
406,4,-0.4000000000000057
407,2,-0.4000000000000057
408,1,3.1714285714285673
409,3,-0.4000000000000057
410,0,-0.40000000000000213
411,0,-0.4000000000000057
412,2,-0.4000000000000057
413,2,-0.4000000000000057
414,0,-0.4000000000000057
415,0,-0.4000000000000057
416,4,-0.4000000000000057
417,2,-0.4000000000000057
418,4,-0.4000000000000057
419,0,-0.4000000000000057
420,4,-0.4000000000000057
421,2,-0.4000000000000057
422,0,-0.4000000000000057
423,4,-0.4000000000000057
424,1,-0.4000000000000057
425,3,-0.4000000000000057
426,0,-0.4000000000000057
427,1,-0.4000000000000057
428,2,-0.4000000000000057
429,4,3.1714285714285637
430,2,-0.4000000000000057
431,1,-0.4000000000000057
432,0,-0.4000000000000057
433,2,-0.4000000000000057
434,0,-0.4000000000000057
435,1,-0.4000000000000057
436,4,-0.4000000000000057
437,0,-0.4000000000000057
438,4,-0.4000000000000057
439,0,-0.4000000000000057
440,0,-0.4000000000000057
441,0,-0.4000000000000057
442,1,-0.4000000000000057
443,1,-0.4000000000000057
444,1,-0.4000000000000057
445,4,-0.4000000000000057
446,1,-0.4000000000000057
447,3,-0.4000000000000057
448,0,-0.4000000000000057
449,0,-0.4000000000000057
450,3,-0.4000000000000057
451,4,-0.4000000000000057
452,1,-0.4000000000000057
453,0,-0.4000000000000057
454,1,-0.4000000000000057
455,0,-0.4000000000000057
456,4,-0.4000000000000057
457,4,3.1714285714285637
458,0,-0.4000000000000057
459,0,-0.4000000000000057
460,0,-0.4000000000000057
461,1,-0.4000000000000057
462,4,-0.4000000000000057
463,0,-0.4000000000000057
464,1,-0.4000000000000057
465,0,-0.4000000000000057
466,3,-0.4000000000000057
467,1,-0.4000000000000057
468,2,-0.4000000000000057
469,3,-0.4000000000000057
470,4,-0.4000000000000057
471,0,-0.4000000000000057
472,0,-0.4000000000000057
473,4,-0.4000000000000057
474,0,-0.4000000000000057
475,0,-0.4000000000000057
476,1,-0.4000000000000057
477,0,-0.4000000000000057
478,4,-0.4000000000000057
479,0,-0.4000000000000057
480,0,-0.4000000000000057
481,0,-0.4000000000000057
482,3,-0.4000000000000057
483,2,-0.4000000000000057
484,1,-0.4000000000000057
485,0,3.1714285714285637
486,1,-0.4000000000000057
487,0,-0.4000000000000057
488,3,-0.4000000000000057
489,4,-0.4000000000000057
490,3,-0.4000000000000057
491,4,-0.4000000000000057
492,3,-0.4000000000000057
493,2,-0.4000000000000057
494,3,-0.4000000000000057
495,2,-0.4000000000000057
496,0,-0.4000000000000057
497,0,-0.4000000000000057
498,0,-0.4000000000000057
499,2,3.1714285714285637
500,1,6.334006734006736
501,1,-0.3999999999999986
502,0,-0.3999999999999986
503,0,-0.3999999999999986
504,0,-0.3999999999999986
505,2,-0.3999999999999986
506,1,2.967003367003369
507,1,-0.3999999999999986
508,1,-0.3999999999999986
509,1,-0.3999999999999986
510,4,-0.3999999999999986
511,1,-0.3999999999999986
512,4,-0.3999999999999986
513,0,-0.3999999999999986
514,1,-0.3999999999999986
515,1,-0.3999999999999999
516,2,-0.40000000000000036
517,2,-0.40000000000000036
518,0,-0.40000000000000036
519,0,-0.40000000000000036
520,0,-0.40000000000000036
521,4,-0.40000000000000036
522,2,-0.40000000000000024
523,0,-0.3999999999999999
524,1,-0.3999999999999999
525,1,-0.4
526,3,-0.39999999999999997
527,0,-0.4
528,1,2.967003367003367
529,4,-0.40000000000000036
530,0,-0.40000000000000036
531,2,-0.3999999999999999
532,0,-0.3999999999999999
533,1,-0.4
534,0,-0.4
535,0,-0.3999999999999999
536,1,-0.40000000000000036
537,4,-0.40000000000000036
538,0,-0.40000000000000013
539,1,-0.40000000000000036
540,2,-0.40000000000000036
541,1,-0.40000000000000036
542,2,-0.40000000000000036
543,0,-0.3999999999999999
544,1,-0.3999999999999986
545,0,-0.3999999999999986
546,0,-0.3999999999999986
547,3,-0.3999999999999986
548,0,-0.3999999999999986
549,2,-0.3999999999999986
550,4,-0.3999999999999986
551,0,-0.3999999999999986
552,3,-0.3999999999999986
553,4,-0.3999999999999986
554,4,-0.3999999999999986
555,0,-0.3999999999999986
556,1,-0.3999999999999986
557,3,2.967003367003368
558,0,-0.3999999999999986
559,0,-0.3999999999999986
560,2,-0.3999999999999986
561,2,-0.3999999999999986
562,3,-0.3999999999999986
563,1,-0.3999999999999986
564,4,-0.3999999999999986
565,4,-0.3999999999999986
566,1,-0.3999999999999986
567,0,-0.3999999999999986
568,4,-0.3999999999999986
569,1,-0.3999999999999986
570,4,-0.3999999999999986
571,2,-0.3999999999999986
572,0,-0.3999999999999986
573,2,-0.3999999999999986
574,3,-0.3999999999999986
575,2,-0.3999999999999986
576,0,-0.3999999999999986
577,0,-0.3999999999999986
578,3,-0.3999999999999986
579,0,-0.3999999999999986
580,4,-0.3999999999999986
581,1,-0.3999999999999986
582,2,-0.4000000000000039
583,2,-0.4000000000000057
584,4,-0.4000000000000057
585,0,-0.4000000000000057
586,3,-0.4000000000000057
587,0,-0.4000000000000057
588,0,2.967003367003368
589,1,-0.3999999999999986
590,4,-0.40000000000000213
591,0,-0.4000000000000057
592,1,-0.4000000000000057
593,0,-0.4000000000000057
594,1,-0.4000000000000057
595,0,-0.4000000000000057
596,4,-0.4000000000000057
597,0,-0.4000000000000057
598,1,-0.4000000000000057
599,0,-0.4000000000000057
600,4,-0.4000000000000057
601,4,-0.4000000000000057
602,4,-0.4000000000000057
603,0,-0.4000000000000057
604,2,-0.4000000000000057
605,3,-0.4000000000000057
606,0,-0.4000000000000057
607,3,-0.4000000000000057
608,4,-0.4000000000000057
609,3,-0.4000000000000057
610,3,-0.4000000000000057
611,0,2.967003367003361
612,0,-0.4000000000000057
613,2,-0.4000000000000057
614,3,-0.4000000000000057
615,0,-0.4000000000000057
616,0,-0.4000000000000057
617,0,-0.4000000000000057
618,2,-0.4000000000000057
619,1,-0.4000000000000057
620,0,-0.4000000000000057
621,4,-0.4000000000000057
622,4,-0.4000000000000057
623,4,-0.4000000000000057
624,1,-0.4000000000000057
625,2,-0.4000000000000057
626,0,-0.4000000000000057
627,1,-0.4000000000000057
628,4,-0.4000000000000057
629,1,-0.4000000000000057
630,1,-0.4000000000000057
631,0,-0.4000000000000057
632,1,-0.4000000000000057
633,0,-0.4000000000000057
634,2,-0.4000000000000057
635,4,-0.4000000000000057
636,2,-0.4000000000000057
637,1,-0.4000000000000057
638,0,2.967003367003361
639,3,-0.4000000000000057
640,1,-0.4000000000000057
641,4,-0.4000000000000057
642,1,-0.4000000000000057
643,2,-0.4000000000000057
644,0,-0.4000000000000057
645,1,-0.4000000000000057
646,0,-0.4000000000000057
647,3,-0.40000000000000213
648,0,-0.4000000000000057
649,2,-0.4000000000000057
650,1,-0.4000000000000057
651,2,-0.4000000000000057
652,1,-0.4000000000000057
653,0,-0.4000000000000057
654,1,-0.4000000000000057
655,0,-0.4000000000000057
656,2,-0.4000000000000057
657,1,2.9670033670033646
658,0,-0.4000000000000057
659,1,-0.4000000000000057
660,4,-0.4000000000000057
661,2,-0.4000000000000057
662,2,-0.4000000000000057
663,0,-0.4000000000000057
664,3,-0.4000000000000057
665,1,-0.4000000000000057
666,1,-0.4000000000000057
667,4,-0.4000000000000057
668,3,-0.4000000000000057
669,4,-0.4000000000000057
670,4,-0.4000000000000057
671,0,-0.4000000000000057
672,1,-0.4000000000000057
673,2,-0.4000000000000057
674,0,-0.4000000000000057
675,3,-0.4000000000000057
676,4,-0.4000000000000057
677,1,-0.4000000000000057
678,1,-0.4000000000000057
679,0,-0.4000000000000057
680,2,-0.4000000000000057
681,4,-0.4000000000000057
682,0,-0.4000000000000057
683,2,-0.4000000000000057
684,0,-0.4000000000000057
685,2,-0.4000000000000057
686,2,-0.4000000000000057
687,0,-0.4000000000000057
688,3,-0.4000000000000057
689,2,-0.4000000000000057
690,0,-0.4000000000000057
691,2,-0.4000000000000057
692,1,-0.4000000000000057
693,2,-0.4000000000000057
694,0,-0.4000000000000057
695,2,-0.4000000000000057
696,1,-0.4000000000000057
697,0,2.9670033670033646
698,3,-0.4000000000000057
699,0,-0.4000000000000057
700,2,-0.4000000000000057
701,0,-0.4000000000000057
702,1,-0.4000000000000057
703,4,-0.4000000000000057
704,2,-0.4000000000000057
705,2,-0.4000000000000057
706,0,-0.4000000000000057
707,3,-0.4000000000000057
708,0,-0.4000000000000057
709,4,-0.4000000000000057
710,1,-0.4000000000000057
711,2,-0.4000000000000057
712,4,-0.4000000000000057
713,0,-0.4000000000000057
714,0,-0.4000000000000057
715,0,-0.4000000000000057
716,1,-0.4000000000000057
717,2,-0.4000000000000057
718,0,-0.4000000000000057
719,1,-0.4000000000000057
720,2,-0.4000000000000057
721,4,-0.4000000000000057
722,0,-0.4000000000000057
723,2,-0.4000000000000057
724,4,-0.4000000000000057
725,1,-0.4000000000000057
726,0,-0.4000000000000057
727,0,-0.4000000000000057
728,3,-0.4000000000000057
729,4,-0.4000000000000057
730,1,-0.4000000000000057
731,0,-0.4000000000000057
732,1,-0.4000000000000057
733,2,-0.4000000000000057
734,1,-0.4000000000000057
735,3,-0.4000000000000057
736,3,-0.4000000000000057
737,0,-0.4000000000000057
738,1,-0.4000000000000057
739,4,-0.4000000000000057
740,1,-0.4000000000000057
741,0,-0.4000000000000057
742,0,-0.4000000000000057
743,2,2.9670033670033646
744,4,-0.4000000000000057
745,2,-0.4000000000000057
746,0,-0.4000000000000057
747,0,-0.4000000000000057
748,0,-0.4000000000000057
749,3,-0.4000000000000057
750,1,6.093506493506495
751,2,-0.3999999999999986
752,0,-0.3999999999999986
753,0,-0.3999999999999986
754,2,-0.3999999999999986
755,1,-0.3999999999999986
756,3,-0.40000000000000036
757,2,-0.40000000000000036
758,1,-0.40000000000000036
759,0,2.8467532467532477
760,0,-0.3999999999999986
761,2,-0.3999999999999986
762,0,-0.3999999999999986
763,0,-0.3999999999999986
764,0,-0.3999999999999999
765,0,-0.40000000000000036
766,4,-0.40000000000000036
767,2,-0.40000000000000036
768,0,-0.40000000000000036
769,4,-0.40000000000000036
770,0,-0.40000000000000036
771,3,-0.40000000000000024
772,4,-0.3999999999999999
773,1,-0.3999999999999999
774,0,-0.4
775,2,-0.39999999999999997
776,0,-0.4
777,2,-0.40000000000000036
778,0,-0.40000000000000036
779,1,-0.40000000000000013
780,1,-0.40000000000000036
781,4,-0.40000000000000036
782,0,-0.40000000000000036
783,2,-0.40000000000000036
784,0,-0.39999999999999947
785,0,-0.3999999999999986
786,2,-0.3999999999999986
787,1,-0.3999999999999986
788,1,-0.3999999999999986
789,0,-0.3999999999999986
790,1,2.8467532467532464
791,4,-0.40000000000000036
792,0,-0.399999999999999
793,1,-0.3999999999999986
794,0,-0.3999999999999986
795,4,-0.3999999999999986
796,3,-0.3999999999999986
797,4,-0.3999999999999986
798,4,-0.3999999999999986
799,0,-0.3999999999999986
800,0,-0.3999999999999986
801,1,-0.3999999999999986
802,0,-0.39999999999999947
803,0,-0.3999999999999986
804,2,-0.3999999999999986
805,1,-0.3999999999999986
806,4,-0.3999999999999986
807,4,-0.3999999999999986
808,4,-0.3999999999999986
809,0,-0.3999999999999986
810,1,-0.3999999999999986
811,2,-0.3999999999999986
812,0,-0.3999999999999986
813,4,-0.3999999999999986
814,0,-0.3999999999999986
815,0,-0.3999999999999986
816,2,-0.3999999999999986
817,0,-0.3999999999999986
818,2,-0.3999999999999986
819,1,-0.3999999999999986
820,1,-0.3999999999999986
821,4,-0.3999999999999986
822,2,-0.40000000000000213
823,0,-0.4000000000000057
824,0,-0.4000000000000057
825,0,-0.4000000000000057
826,0,-0.4000000000000057
827,0,-0.4000000000000057
828,2,-0.4000000000000057
829,1,-0.4000000000000057
830,4,-0.4000000000000057
831,1,-0.4000000000000057
832,2,-0.4000000000000057
833,3,-0.4000000000000057
834,0,-0.4000000000000057
835,0,-0.4000000000000057
836,0,-0.4000000000000057
837,4,-0.4000000000000057
838,0,-0.4000000000000057
839,2,-0.4000000000000057
840,1,-0.4000000000000057
841,3,-0.4000000000000057
842,1,-0.4000000000000057
843,1,-0.4000000000000057
844,1,-0.4000000000000057
845,0,-0.4000000000000057
846,4,2.8467532467532415
847,4,-0.4000000000000057
848,4,-0.4000000000000057
849,4,-0.4000000000000057
850,1,-0.4000000000000057
851,2,-0.4000000000000057
852,4,-0.4000000000000057
853,3,-0.4000000000000057
854,2,-0.4000000000000057
855,1,-0.4000000000000057
856,4,-0.4000000000000057
857,4,-0.4000000000000057
858,2,-0.4000000000000057
859,0,-0.4000000000000057
860,4,-0.4000000000000057
861,3,-0.4000000000000057
862,2,-0.4000000000000057
863,1,-0.4000000000000057
864,2,-0.4000000000000057
865,4,-0.4000000000000057
866,2,-0.4000000000000057
867,1,-0.4000000000000057
868,1,-0.4000000000000057
869,3,2.8467532467532415
870,0,-0.4000000000000057
871,2,-0.4000000000000057
872,4,-0.4000000000000057
873,0,-0.4000000000000057
874,1,-0.4000000000000057
875,0,-0.4000000000000057
876,1,-0.4000000000000057
877,1,-0.4000000000000057
878,2,-0.4000000000000057
879,0,-0.4000000000000057
880,1,-0.4000000000000057
881,0,-0.4000000000000057
882,1,-0.4000000000000057
883,1,-0.4000000000000057
884,2,-0.4000000000000057
885,3,-0.4000000000000057
886,1,-0.4000000000000057
887,1,-0.4000000000000057
888,1,-0.4000000000000057
889,0,-0.4000000000000057
890,2,-0.4000000000000057
891,2,-0.4000000000000057
892,3,-0.4000000000000057
893,0,-0.4000000000000057
894,0,-0.4000000000000057
895,0,-0.4000000000000057
896,4,-0.4000000000000057
897,0,-0.4000000000000057
898,1,-0.4000000000000057
899,1,-0.4000000000000057
900,0,2.846753246753238
901,2,-0.4000000000000057
902,1,-0.4000000000000057
903,3,-0.4000000000000057
904,0,-0.4000000000000057
905,3,-0.4000000000000057
906,0,-0.4000000000000057
907,1,-0.4000000000000057
908,3,-0.4000000000000057
909,0,-0.4000000000000057
910,4,-0.4000000000000057
911,0,-0.4000000000000057
912,2,-0.4000000000000057
913,1,-0.4000000000000057
914,1,-0.4000000000000057
915,1,-0.4000000000000057
916,2,-0.4000000000000057
917,2,-0.4000000000000057
918,1,-0.4000000000000057
919,0,-0.4000000000000057
920,0,-0.4000000000000057
921,0,-0.4000000000000057
922,0,-0.4000000000000057
923,1,-0.4000000000000057
924,0,-0.4000000000000057
925,1,-0.4000000000000057
926,4,-0.4000000000000057
927,2,-0.4000000000000057
928,4,-0.4000000000000057
929,2,-0.4000000000000057
930,4,-0.4000000000000057
931,1,-0.4000000000000057
932,0,-0.4000000000000057
933,2,-0.4000000000000057
934,2,-0.4000000000000057
935,0,-0.4000000000000057
936,0,-0.4000000000000057
937,0,-0.4000000000000057
938,1,-0.4000000000000057
939,1,-0.4000000000000057
940,4,-0.4000000000000057
941,1,-0.4000000000000057
942,4,-0.4000000000000057
943,0,-0.4000000000000057
944,1,-0.4000000000000057
945,1,-0.4000000000000057
946,4,-0.4000000000000057
947,0,-0.4000000000000057
948,1,-0.4000000000000057
949,0,-0.4000000000000057
950,2,-0.4000000000000057
951,1,-0.4000000000000057
952,0,-0.4000000000000057
953,1,-0.4000000000000057
954,1,2.846753246753238
955,1,-0.4000000000000057
956,1,-0.4000000000000057
957,3,-0.4000000000000057
958,0,-0.4000000000000057
959,4,-0.4000000000000057
960,1,-0.4000000000000057
961,1,-0.4000000000000057
962,0,-0.4000000000000057
963,0,-0.4000000000000057
964,1,-0.4000000000000057
965,1,-0.4000000000000057
966,3,-0.4000000000000057
967,2,-0.4000000000000057
968,2,-0.4000000000000057
969,2,-0.4000000000000057
970,0,-0.4000000000000057
971,1,-0.4000000000000057
972,1,-0.4000000000000057
973,2,-0.4000000000000057
974,1,-0.3999999999999986
975,4,-0.39999999999997726
976,2,-0.39999999999997726
977,1,-0.39999999999997726
978,0,-0.39999999999997726
979,3,-0.39999999999997726
980,0,-0.39999999999997726
981,0,-0.39999999999997726
982,1,-0.39999999999997726
983,0,-0.39999999999997726
984,2,-0.39999999999997726
985,4,-0.39999999999997726
986,3,-0.39999999999997726
987,4,-0.39999999999997726
988,4,-0.39999999999997726
989,2,-0.39999999999997726
990,2,-0.39999999999997726
991,4,-0.39999999999997726
992,2,-0.39999999999997726
993,1,-0.39999999999997726
994,4,-0.39999999999997726
995,4,-0.39999999999997726
996,3,-0.39999999999997726
997,0,-0.39999999999997726
998,1,2.8467532467532664
999,2,-0.39999999999997726
1000,2,6.544444444444446
1001,3,-0.3999999999999986
1002,0,-0.3999999999999986
1003,4,-0.3999999999999986
1004,0,-0.3999999999999986
1005,2,3.072222222222223
1006,0,-0.3999999999999986
1007,0,-0.3999999999999986
1008,2,-0.3999999999999986
1009,1,-0.3999999999999986
1010,4,-0.3999999999999986
1011,1,-0.3999999999999986
1012,1,-0.3999999999999986
1013,4,-0.3999999999999986
1014,0,-0.3999999999999986
1015,4,-0.3999999999999986
1016,0,-0.40000000000000036
1017,1,-0.40000000000000036
1018,3,-0.40000000000000036
1019,0,-0.40000000000000036
1020,3,-0.40000000000000036
1021,0,-0.40000000000000036
1022,0,-0.40000000000000036
1023,2,-0.40000000000000013
1024,1,-0.3999999999999999
1025,0,-0.4
1026,2,-0.4000000000000001
1027,2,-0.3999999999999999
1028,0,-0.40000000000000013
1029,4,-0.40000000000000036
1030,2,-0.40000000000000036
1031,0,-0.40000000000000013
1032,4,-0.40000000000000036
1033,2,-0.40000000000000036
1034,2,-0.40000000000000036
1035,0,-0.40000000000000036
1036,0,-0.399999999999999
1037,0,-0.3999999999999986
1038,2,-0.3999999999999986
1039,0,-0.3999999999999986
1040,2,-0.3999999999999986
1041,3,-0.3999999999999986
1042,4,-0.3999999999999986
1043,4,-0.3999999999999986
1044,3,-0.3999999999999986
1045,2,-0.3999999999999986
1046,2,-0.3999999999999986
1047,4,-0.3999999999999986
1048,1,-0.3999999999999986
1049,0,-0.3999999999999986
1050,2,-0.3999999999999986
1051,4,-0.3999999999999986
1052,1,-0.3999999999999986
1053,1,-0.3999999999999986
1054,1,-0.3999999999999986
1055,3,-0.3999999999999986
1056,1,-0.3999999999999986
1057,4,-0.3999999999999986
1058,1,-0.3999999999999986
1059,0,-0.3999999999999986
1060,0,-0.3999999999999986
1061,4,-0.3999999999999986
1062,0,-0.3999999999999986
1063,1,-0.3999999999999986
1064,0,-0.3999999999999986
1065,1,-0.3999999999999986
1066,3,-0.4000000000000057
1067,0,-0.4000000000000057
1068,1,-0.4000000000000057
1069,0,-0.4000000000000057
1070,1,-0.4000000000000057
1071,4,-0.4000000000000057
1072,0,-0.4000000000000057
1073,0,-0.4000000000000057
1074,1,-0.4000000000000057
1075,1,-0.4000000000000057
1076,1,-0.4000000000000057
1077,2,-0.4000000000000057
1078,3,-0.4000000000000057
1079,0,-0.4000000000000057
1080,1,-0.4000000000000057
1081,2,-0.4000000000000057
1082,1,-0.4000000000000057
1083,4,3.0722222222222157
1084,3,-0.4000000000000057
1085,0,-0.4000000000000057
1086,2,-0.4000000000000057
1087,1,-0.4000000000000057
1088,2,-0.4000000000000057
1089,2,-0.4000000000000057
1090,1,-0.4000000000000057
1091,4,-0.4000000000000057
1092,1,-0.4000000000000057
1093,2,-0.4000000000000057
1094,1,-0.4000000000000057
1095,0,-0.4000000000000057
1096,4,-0.4000000000000057
1097,1,-0.4000000000000057
1098,1,-0.4000000000000057
1099,2,-0.4000000000000057
1100,4,-0.4000000000000057
1101,0,-0.4000000000000057
1102,0,-0.4000000000000057
1103,0,-0.4000000000000057
1104,2,-0.4000000000000057
1105,4,-0.4000000000000057
1106,0,-0.4000000000000057
1107,0,-0.4000000000000057
1108,2,-0.4000000000000057
1109,1,-0.4000000000000057
1110,0,-0.4000000000000057
1111,2,-0.4000000000000057
1112,3,-0.4000000000000057
1113,2,-0.4000000000000057
1114,0,-0.40000000000000213
1115,0,-0.4000000000000057
1116,3,-0.4000000000000057
1117,2,-0.4000000000000057
1118,2,-0.4000000000000057
1119,1,-0.4000000000000057
1120,1,-0.4000000000000057
1121,3,-0.4000000000000057
1122,0,-0.4000000000000057
1123,0,-0.4000000000000057
1124,0,-0.4000000000000057
1125,2,-0.4000000000000057
1126,0,-0.4000000000000057
1127,4,-0.4000000000000057
1128,0,-0.4000000000000057
1129,4,-0.4000000000000057
1130,2,-0.4000000000000057
1131,4,-0.4000000000000057
1132,2,-0.4000000000000057
1133,0,-0.4000000000000057
1134,1,-0.4000000000000057
1135,0,-0.4000000000000057
1136,2,-0.4000000000000057
1137,0,-0.4000000000000057
1138,2,-0.4000000000000057
1139,0,3.0722222222222157
1140,0,-0.4000000000000057
1141,1,-0.4000000000000057
1142,0,-0.4000000000000057
1143,4,-0.4000000000000057
1144,1,-0.4000000000000057
1145,1,-0.4000000000000057
1146,0,-0.4000000000000057
1147,0,-0.4000000000000057
1148,2,-0.4000000000000057
1149,0,-0.4000000000000057
1150,4,-0.4000000000000057
1151,2,-0.4000000000000057
1152,3,-0.4000000000000057
1153,0,-0.4000000000000057
1154,2,-0.4000000000000057
1155,2,-0.4000000000000057
1156,0,-0.4000000000000057
1157,0,-0.4000000000000057
1158,0,-0.4000000000000057
1159,0,-0.4000000000000057
1160,0,-0.4000000000000057
1161,2,-0.4000000000000057
1162,2,-0.4000000000000057
1163,0,-0.4000000000000057
1164,3,-0.4000000000000057
1165,0,3.0722222222222157
1166,2,-0.4000000000000057
1167,2,-0.4000000000000057
1168,0,-0.4000000000000057
1169,1,-0.4000000000000057
1170,1,-0.4000000000000057
1171,1,-0.4000000000000057
1172,0,-0.4000000000000057
1173,4,-0.4000000000000057
1174,2,-0.4000000000000057
1175,1,-0.4000000000000057
1176,4,-0.4000000000000057
1177,4,-0.4000000000000057
1178,2,-0.4000000000000057
1179,4,-0.4000000000000057
1180,4,-0.4000000000000057
1181,0,-0.4000000000000057
1182,1,-0.4000000000000057
1183,4,-0.4000000000000057
1184,1,-0.4000000000000057
1185,0,-0.4000000000000057
1186,1,-0.4000000000000057
1187,1,-0.4000000000000057
1188,0,-0.4000000000000057
1189,4,-0.4000000000000057
1190,4,-0.4000000000000057
1191,0,-0.4000000000000057
1192,2,-0.4000000000000057
1193,2,-0.4000000000000057
1194,2,-0.4000000000000057
1195,2,-0.4000000000000057
1196,1,-0.4000000000000057
1197,1,-0.4000000000000057
1198,0,-0.4000000000000057
1199,1,-0.4000000000000057
1200,2,-0.4000000000000057
1201,4,-0.4000000000000057
1202,0,-0.4000000000000057
1203,1,-0.4000000000000057
1204,4,-0.4000000000000057
1205,2,-0.4000000000000057
1206,0,-0.4000000000000057
1207,4,-0.4000000000000057
1208,4,-0.4000000000000057
1209,1,-0.4000000000000057
1210,0,-0.4000000000000057
1211,3,-0.4000000000000057
1212,1,-0.39999999999997726
1213,1,-0.39999999999997726
1214,0,-0.39999999999997726
1215,3,-0.39999999999997726
1216,4,-0.39999999999997726
1217,0,-0.39999999999997726
1218,4,-0.39999999999997726
1219,1,-0.39999999999997726
1220,0,-0.39999999999997726
1221,4,-0.39999999999997726
1222,0,-0.39999999999997726
1223,0,-0.39999999999997726
1224,1,-0.39999999999997726
1225,1,-0.39999999999997726
1226,1,-0.39999999999997726
1227,1,-0.39999999999997726
1228,4,-0.39999999999997726
1229,0,-0.39999999999997726
1230,1,-0.39999999999997726
1231,0,-0.39999999999997726
1232,0,-0.39999999999997726
1233,4,-0.39999999999997726
1234,0,-0.39999999999997726
1235,1,-0.39999999999997726
1236,1,-0.39999999999997726
1237,1,-0.39999999999997726
1238,2,-0.39999999999997726
1239,1,-0.39999999999997726
1240,2,-0.39999999999997726
1241,0,-0.39999999999997726
1242,4,-0.39999999999997726
1243,1,-0.39999999999997726
1244,1,-0.39999999999997726
1245,1,-0.39999999999997726
1246,1,-0.39999999999997726
1247,0,-0.39999999999997726
1248,2,-0.39999999999997726
1249,1,-0.39999999999997726
1250,4,6.356756756756758
1251,0,-0.3999999999999986
1252,1,-0.3999999999999986
1253,0,-0.3999999999999986
1254,4,-0.3999999999999986
1255,4,-0.3999999999999986
1256,0,-0.399999999999999
1257,2,-0.40000000000000036
1258,2,-0.40000000000000036
1259,4,-0.40000000000000036
1260,0,-0.40000000000000036
1261,1,-0.40000000000000036
1262,1,-0.40000000000000036
1263,1,-0.40000000000000036
1264,3,-0.4
1265,0,-0.3999999999999999
1266,4,-0.4
1267,3,-0.4000000000000001
1268,0,-0.3999999999999999
1269,2,-0.40000000000000024
1270,0,-0.40000000000000036
1271,1,-0.40000000000000013
1272,0,-0.40000000000000036
1273,4,-0.40000000000000036
1274,1,-0.40000000000000036
1275,4,-0.40000000000000036
1276,0,-0.40000000000000036
1277,0,-0.3999999999999986
1278,3,-0.3999999999999986
1279,1,-0.3999999999999986
1280,0,-0.3999999999999986
1281,0,-0.3999999999999986
1282,2,2.9783783783783786
1283,2,-0.40000000000000036
1284,1,-0.40000000000000036
1285,1,-0.39999999999999947
1286,0,-0.3999999999999986
1287,0,-0.3999999999999986
1288,0,-0.3999999999999986
1289,1,-0.3999999999999986
1290,1,-0.3999999999999986
1291,3,-0.3999999999999986
1292,2,-0.3999999999999986
1293,1,-0.3999999999999986
1294,2,-0.3999999999999986
1295,1,-0.3999999999999986
1296,0,-0.3999999999999986
1297,2,-0.3999999999999986
1298,2,-0.3999999999999986
1299,0,-0.3999999999999986
1300,0,-0.3999999999999986
1301,1,-0.3999999999999986
1302,0,-0.3999999999999986
1303,0,-0.3999999999999986
1304,1,-0.3999999999999986
1305,0,-0.3999999999999986
1306,1,-0.3999999999999986
1307,2,-0.3999999999999986
1308,1,-0.3999999999999986
1309,4,-0.3999999999999986
1310,1,-0.3999999999999986
1311,4,-0.3999999999999986
1312,0,-0.3999999999999986
1313,1,-0.3999999999999986
1314,1,-0.3999999999999986
1315,0,-0.4000000000000039
1316,4,-0.4000000000000057
1317,2,-0.4000000000000057
1318,0,-0.4000000000000057
1319,1,-0.4000000000000057
1320,2,-0.4000000000000057
1321,1,-0.4000000000000057
1322,1,-0.4000000000000057
1323,0,-0.4000000000000057
1324,1,-0.4000000000000057
1325,0,-0.4000000000000057
1326,0,-0.4000000000000057
1327,1,-0.4000000000000057
1328,1,-0.4000000000000057
1329,0,-0.4000000000000057
1330,2,-0.4000000000000057
1331,1,-0.4000000000000057
1332,1,-0.4000000000000057
1333,0,-0.4000000000000057
1334,1,-0.4000000000000057
1335,2,-0.4000000000000057
1336,4,-0.4000000000000057
1337,4,-0.4000000000000057
1338,1,-0.4000000000000057
1339,1,-0.4000000000000057
1340,2,-0.4000000000000057
1341,1,-0.4000000000000057
1342,1,-0.4000000000000057
1343,0,-0.4000000000000057
1344,4,-0.4000000000000057
1345,4,-0.4000000000000057
1346,2,-0.4000000000000057
1347,4,-0.4000000000000057
1348,1,-0.4000000000000057
1349,1,-0.4000000000000057
1350,2,-0.4000000000000057
1351,0,-0.4000000000000057
1352,1,-0.4000000000000057
1353,0,-0.4000000000000057
1354,0,-0.4000000000000057
1355,2,-0.40000000000000213
1356,4,-0.4000000000000057
1357,0,-0.4000000000000057
1358,1,-0.4000000000000057
1359,2,-0.4000000000000057
1360,0,-0.4000000000000057
1361,0,-0.4000000000000057
1362,0,2.9783783783783733
1363,0,-0.4000000000000057
1364,2,-0.4000000000000057
1365,2,-0.4000000000000057
1366,3,-0.4000000000000057
1367,1,-0.4000000000000057
1368,2,-0.4000000000000057
1369,2,-0.4000000000000057
1370,1,-0.4000000000000057
1371,0,-0.4000000000000057
1372,0,-0.4000000000000057
1373,2,-0.4000000000000057
1374,3,-0.4000000000000057
1375,0,-0.4000000000000057
1376,0,-0.4000000000000057
1377,1,-0.4000000000000057
1378,0,-0.4000000000000057
1379,0,-0.4000000000000057
1380,4,-0.4000000000000057
1381,1,-0.4000000000000057
1382,0,-0.4000000000000057
1383,2,-0.4000000000000057
1384,2,-0.4000000000000057
1385,0,-0.4000000000000057
1386,2,-0.4000000000000057
1387,0,-0.4000000000000057
1388,0,-0.4000000000000057
1389,0,-0.4000000000000057
1390,1,-0.4000000000000057
1391,2,-0.4000000000000057
1392,2,-0.4000000000000057
1393,1,-0.4000000000000057
1394,0,-0.4000000000000057
1395,3,-0.4000000000000057
1396,0,-0.4000000000000057
1397,1,-0.4000000000000057
1398,2,-0.4000000000000057
1399,1,-0.4000000000000057
1400,1,-0.4000000000000057
1401,1,-0.4000000000000057
1402,0,-0.4000000000000057
1403,2,-0.4000000000000057
1404,2,-0.4000000000000057
1405,1,-0.4000000000000057
1406,2,-0.4000000000000057
1407,2,-0.4000000000000057
1408,2,-0.4000000000000057
1409,0,-0.4000000000000057
1410,2,-0.4000000000000057
1411,4,-0.4000000000000057
1412,0,-0.4000000000000057
1413,0,-0.4000000000000057
1414,4,-0.4000000000000057
1415,1,-0.4000000000000057
1416,2,-0.4000000000000057
1417,1,-0.4000000000000057
1418,0,-0.4000000000000057
1419,0,2.9783783783783733
1420,0,-0.4000000000000057
1421,0,-0.4000000000000057
1422,0,-0.4000000000000057
1423,0,-0.4000000000000057
1424,4,-0.4000000000000057
1425,0,-0.4000000000000057
1426,1,-0.4000000000000057
1427,1,-0.4000000000000057
1428,1,-0.4000000000000057
1429,2,-0.4000000000000057
1430,0,-0.4000000000000057
1431,0,-0.4000000000000057
1432,3,-0.4000000000000057
1433,2,-0.4000000000000057
1434,0,-0.4000000000000057
1435,2,-0.4000000000000057
1436,2,-0.4000000000000057
1437,2,-0.4000000000000057
1438,0,-0.4000000000000057
1439,1,-0.4000000000000057
1440,4,-0.4000000000000057
1441,3,-0.4000000000000057
1442,2,-0.4000000000000057
1443,0,-0.4000000000000057
1444,3,-0.4000000000000057
1445,2,-0.4000000000000057
1446,1,2.9783783783783733
1447,1,-0.4000000000000057
1448,4,-0.4000000000000057
1449,0,-0.4000000000000057
1450,1,-0.4000000000000057
1451,2,-0.4000000000000057
1452,3,-0.4000000000000057
1453,4,-0.4000000000000057
1454,1,-0.4000000000000057
1455,4,-0.4000000000000057
1456,2,-0.4000000000000057
1457,0,-0.4000000000000057
1458,0,-0.4000000000000057
1459,2,-0.4000000000000057
1460,3,-0.3999999999999915
1461,0,-0.39999999999997726
1462,0,-0.39999999999997726
1463,4,-0.39999999999997726
1464,0,-0.39999999999997726
1465,2,-0.39999999999997726
1466,2,-0.39999999999997726
1467,2,-0.39999999999997726
1468,4,-0.39999999999997726
1469,1,-0.39999999999997726
1470,2,-0.39999999999997726
1471,1,-0.39999999999997726
1472,0,-0.39999999999997726
1473,2,-0.39999999999997726
1474,0,-0.39999999999997726
1475,0,-0.39999999999997726
1476,0,-0.39999999999997726
1477,3,-0.39999999999997726
1478,2,-0.39999999999997726
1479,0,-0.39999999999997726
1480,1,-0.39999999999997726
1481,0,-0.39999999999997726
1482,3,-0.39999999999997726
1483,1,-0.39999999999997726
1484,2,-0.39999999999997726
1485,4,-0.39999999999997726
1486,1,-0.39999999999997726
1487,0,-0.39999999999997726
1488,1,-0.39999999999997726
1489,2,-0.39999999999997726
1490,2,-0.39999999999997726
1491,0,-0.39999999999997726
1492,2,-0.39999999999997726
1493,0,-0.39999999999997726
1494,0,-0.39999999999997726
1495,2,-0.39999999999997726
1496,1,-0.39999999999997726
1497,1,2.9783783783783946
1498,0,-0.39999999999997726
1499,1,-0.39999999999997726
1500,1,6.356756756756758
1501,0,-0.3999999999999986
1502,0,-0.3999999999999986
1503,4,-0.3999999999999986
1504,4,-0.3999999999999986
1505,0,-0.3999999999999986
1506,2,-0.399999999999999
1507,4,-0.40000000000000036
1508,0,-0.40000000000000036
1509,1,-0.40000000000000036
1510,3,-0.40000000000000036
1511,1,-0.40000000000000036
1512,0,-0.40000000000000036
1513,4,-0.40000000000000036
1514,2,-0.4
1515,1,-0.3999999999999999
1516,1,-0.4
1517,0,-0.4000000000000001
1518,0,-0.3999999999999999
1519,2,-0.40000000000000024
1520,1,-0.40000000000000036
1521,0,-0.40000000000000013
1522,0,-0.40000000000000036
1523,1,-0.40000000000000036
1524,4,-0.40000000000000036
1525,1,-0.40000000000000036
1526,0,-0.40000000000000036
1527,2,-0.3999999999999986
1528,1,-0.3999999999999986
1529,0,-0.3999999999999986
1530,0,-0.3999999999999986
1531,0,-0.3999999999999986
1532,1,-0.3999999999999986
1533,1,-0.3999999999999986
1534,2,-0.3999999999999986
1535,4,-0.3999999999999986
1536,1,-0.39999999999999947
1537,2,-0.3999999999999986
1538,0,-0.3999999999999986
1539,2,-0.3999999999999986
1540,2,-0.3999999999999986
1541,0,-0.3999999999999986
1542,4,-0.3999999999999986
1543,0,-0.3999999999999986
1544,3,-0.3999999999999986
1545,1,-0.3999999999999986
1546,4,-0.3999999999999986
1547,4,-0.3999999999999986
1548,0,-0.3999999999999986
1549,1,-0.3999999999999986
1550,0,-0.3999999999999986
1551,4,-0.3999999999999986
1552,0,-0.3999999999999986
1553,1,-0.3999999999999986
1554,2,-0.3999999999999986
1555,2,-0.3999999999999986
1556,1,-0.3999999999999986
1557,0,-0.4000000000000057
1558,4,-0.4000000000000057
1559,0,-0.4000000000000057
1560,0,-0.4000000000000057
1561,0,-0.4000000000000057
1562,1,-0.4000000000000057
1563,0,-0.4000000000000057
1564,2,-0.4000000000000057
1565,0,2.9783783783783733
1566,2,-0.4000000000000057
1567,0,-0.4000000000000057
1568,0,-0.4000000000000057
1569,1,-0.4000000000000057
1570,2,-0.4000000000000057
1571,0,-0.4000000000000057
1572,1,-0.4000000000000057
1573,2,-0.4000000000000057
1574,2,-0.4000000000000057
1575,4,-0.4000000000000057
1576,2,-0.4000000000000057
1577,1,-0.4000000000000057
1578,0,-0.4000000000000057
1579,0,-0.4000000000000057
1580,0,-0.4000000000000057
1581,3,-0.4000000000000057
1582,1,-0.4000000000000057
1583,0,-0.4000000000000057
1584,2,-0.4000000000000057
1585,4,-0.4000000000000057
1586,4,-0.4000000000000057
1587,3,-0.4000000000000057
1588,2,-0.4000000000000057
1589,1,-0.4000000000000057
1590,2,-0.4000000000000057
1591,0,-0.4000000000000057
1592,2,-0.4000000000000057
1593,4,-0.4000000000000057
1594,2,-0.4000000000000057
1595,2,-0.4000000000000057
1596,0,-0.4000000000000057
1597,1,-0.4000000000000057
1598,0,-0.4000000000000057
1599,2,-0.4000000000000057
1600,1,-0.4000000000000057
1601,1,-0.4000000000000057
1602,0,-0.4000000000000057
1603,0,-0.4000000000000057
1604,1,-0.4000000000000057
1605,2,-0.4000000000000057
1606,2,-0.4000000000000057
1607,0,-0.4000000000000057
1608,0,-0.4000000000000057
1609,4,-0.4000000000000057
1610,4,-0.4000000000000057
1611,0,-0.4000000000000057
1612,1,-0.4000000000000057
1613,0,-0.4000000000000057
1614,0,-0.4000000000000057
1615,0,-0.4000000000000057
1616,2,-0.4000000000000057
1617,2,-0.4000000000000057
1618,1,-0.4000000000000057
1619,0,-0.4000000000000057
1620,0,-0.4000000000000057
1621,0,-0.4000000000000057
1622,0,-0.4000000000000057
1623,0,-0.4000000000000057
1624,4,-0.4000000000000057
1625,1,2.9783783783783733
1626,2,-0.4000000000000057
1627,1,-0.4000000000000057
1628,2,-0.4000000000000057
1629,1,-0.4000000000000057
1630,3,-0.4000000000000057
1631,0,-0.4000000000000057
1632,2,-0.4000000000000057
1633,2,-0.4000000000000057
1634,2,-0.4000000000000057
1635,0,-0.4000000000000057
1636,0,-0.4000000000000057
1637,1,-0.4000000000000057
1638,0,-0.4000000000000057
1639,0,-0.4000000000000057
1640,1,-0.4000000000000057
1641,1,-0.4000000000000057
1642,2,-0.4000000000000057
1643,1,-0.4000000000000057
1644,0,-0.4000000000000057
1645,0,-0.4000000000000057
1646,0,-0.4000000000000057
1647,2,-0.4000000000000057
1648,2,-0.4000000000000057
1649,0,-0.4000000000000057
1650,0,-0.4000000000000057
1651,1,-0.4000000000000057
1652,2,-0.4000000000000057
1653,4,-0.4000000000000057
1654,4,-0.4000000000000057
1655,2,-0.4000000000000057
1656,1,-0.4000000000000057
1657,2,-0.4000000000000057
1658,0,-0.4000000000000057
1659,2,-0.4000000000000057
1660,0,-0.4000000000000057
1661,3,-0.4000000000000057
1662,0,-0.4000000000000057
1663,4,-0.4000000000000057
1664,4,-0.4000000000000057
1665,2,-0.4000000000000057
1666,0,-0.4000000000000057
1667,0,-0.4000000000000057
1668,0,-0.4000000000000057
1669,2,-0.4000000000000057
1670,1,-0.4000000000000057
1671,0,-0.4000000000000057
1672,2,-0.4000000000000057
1673,4,-0.4000000000000057
1674,3,-0.4000000000000057
1675,1,2.9783783783783733
1676,0,-0.4000000000000057
1677,4,-0.4000000000000057
1678,2,-0.4000000000000057
1679,2,-0.4000000000000057
1680,3,-0.4000000000000057
1681,2,-0.4000000000000057
1682,4,-0.4000000000000057
1683,0,-0.4000000000000057
1684,0,-0.4000000000000057
1685,2,-0.4000000000000057
1686,4,-0.4000000000000057
1687,4,-0.4000000000000057
1688,1,-0.4000000000000057
1689,1,-0.4000000000000057
1690,4,-0.4000000000000057
1691,0,-0.4000000000000057
1692,2,-0.4000000000000057
1693,4,-0.4000000000000057
1694,0,-0.4000000000000057
1695,0,-0.4000000000000057
1696,1,-0.4000000000000057
1697,0,-0.4000000000000057
1698,0,-0.4000000000000057
1699,2,-0.4000000000000057
1700,1,-0.4000000000000057
1701,1,-0.4000000000000057
1702,0,-0.39999999999998437
1703,2,-0.39999999999997726
1704,1,-0.39999999999997726
1705,1,-0.39999999999997726
1706,4,-0.39999999999997726
1707,2,-0.39999999999997726
1708,2,-0.39999999999997726
1709,2,-0.39999999999997726
1710,0,-0.39999999999997726
1711,1,-0.39999999999997726
1712,0,-0.39999999999997726
1713,2,-0.39999999999997726
1714,2,-0.39999999999997726
1715,1,-0.39999999999997726
1716,3,-0.39999999999997726
1717,0,-0.39999999999997726
1718,4,-0.39999999999997726
1719,0,-0.39999999999997726
1720,2,-0.39999999999997726
1721,0,-0.39999999999997726
1722,1,-0.39999999999997726
1723,2,-0.39999999999997726
1724,4,-0.39999999999997726
1725,4,-0.39999999999997726
1726,1,-0.39999999999997726
1727,0,-0.39999999999997726
1728,1,-0.39999999999997726
1729,1,-0.39999999999997726
1730,0,-0.39999999999997726
1731,2,-0.39999999999997726
1732,0,-0.39999999999997726
1733,2,-0.39999999999997726
1734,2,-0.39999999999997726
1735,1,-0.39999999999997726
1736,3,-0.39999999999997726
1737,2,-0.39999999999997726
1738,0,-0.39999999999997726
1739,0,-0.39999999999997726
1740,1,-0.39999999999997726
1741,2,-0.39999999999997726
1742,0,2.9783783783783946
1743,1,-0.39999999999997726
1744,1,-0.39999999999997726
1745,1,-0.39999999999997726
1746,3,-0.39999999999997726
1747,0,-0.39999999999997726
1748,0,-0.39999999999997726
1749,0,-0.39999999999997726
1750,1,6.222516556291392
1751,0,-0.3999999999999986
1752,2,-0.3999999999999986
1753,2,-0.3999999999999986
1754,4,-0.3999999999999986
1755,2,-0.3999999999999986
1756,1,-0.39999999999999947
1757,0,-0.40000000000000036
1758,2,-0.40000000000000036
1759,0,-0.40000000000000036
1760,2,-0.40000000000000036
1761,2,-0.40000000000000036
1762,4,-0.40000000000000036
1763,0,-0.40000000000000036
1764,2,2.9112582781456964
1765,2,-0.40000000000000036
1766,1,-0.40000000000000036
1767,1,-0.40000000000000036
1768,0,-0.40000000000000036
1769,2,-0.40000000000000036
1770,0,-0.40000000000000036
1771,1,-0.40000000000000036
1772,1,-0.4
1773,4,-0.3999999999999999
1774,1,-0.4
1775,2,-0.4
1776,0,-0.3999999999999999
1777,4,-0.40000000000000024
1778,2,-0.40000000000000036
1779,1,-0.40000000000000013
1780,4,-0.40000000000000036
1781,0,-0.40000000000000036
1782,0,-0.40000000000000036
1783,0,-0.40000000000000036
1784,2,-0.40000000000000036
1785,2,-0.3999999999999986
1786,4,-0.3999999999999986
1787,1,-0.3999999999999986
1788,4,-0.3999999999999986
1789,2,-0.3999999999999986
1790,1,-0.3999999999999986
1791,2,-0.3999999999999986
1792,0,-0.3999999999999986
1793,2,-0.3999999999999986
1794,0,-0.39999999999999947
1795,2,-0.3999999999999986
1796,2,-0.3999999999999986
1797,0,-0.3999999999999986
1798,0,-0.3999999999999986
1799,1,-0.3999999999999986
1800,1,-0.3999999999999986
1801,0,-0.3999999999999986
1802,2,-0.3999999999999986
1803,1,-0.3999999999999986
1804,0,-0.3999999999999986
1805,0,-0.3999999999999986
1806,2,-0.3999999999999986
1807,0,-0.3999999999999986
1808,2,-0.3999999999999986
1809,2,-0.3999999999999986
1810,2,-0.3999999999999986
1811,4,-0.3999999999999986
1812,2,-0.3999999999999986
1813,2,-0.3999999999999986
1814,1,-0.3999999999999986
1815,0,-0.4000000000000057
1816,0,-0.4000000000000057
1817,0,-0.4000000000000057
1818,0,-0.4000000000000057
1819,4,-0.4000000000000057
1820,0,-0.4000000000000057
1821,0,-0.4000000000000057
1822,1,2.9112582781456915
1823,2,-0.4000000000000057
1824,2,-0.4000000000000057
1825,0,-0.4000000000000057
1826,1,-0.4000000000000057
1827,0,-0.4000000000000057
1828,1,-0.4000000000000057
1829,0,-0.4000000000000057
1830,1,-0.4000000000000057
1831,1,-0.4000000000000057
1832,1,-0.4000000000000057
1833,0,-0.4000000000000057
1834,1,-0.4000000000000057
1835,2,-0.4000000000000057
1836,4,-0.4000000000000057
1837,0,-0.4000000000000057
1838,2,-0.4000000000000057
1839,1,-0.4000000000000057
1840,0,-0.4000000000000057
1841,0,-0.4000000000000057
1842,2,-0.4000000000000057
1843,1,-0.4000000000000057
1844,2,-0.4000000000000057
1845,1,-0.4000000000000057
1846,2,-0.4000000000000057
1847,1,-0.4000000000000057
1848,0,-0.4000000000000057
1849,0,-0.4000000000000057
1850,2,-0.4000000000000057
1851,0,-0.4000000000000057
1852,2,-0.4000000000000057
1853,2,-0.4000000000000057
1854,0,-0.4000000000000057
1855,0,-0.4000000000000057
1856,2,-0.4000000000000057
1857,0,-0.4000000000000057
1858,4,-0.4000000000000057
1859,0,-0.4000000000000057
1860,2,-0.4000000000000057
1861,4,-0.4000000000000057
1862,0,-0.4000000000000057
1863,2,-0.40000000000000213
1864,0,-0.4000000000000057
1865,1,-0.4000000000000057
1866,2,-0.4000000000000057
1867,2,-0.4000000000000057
1868,4,2.911258278145688
1869,2,-0.4000000000000057
1870,1,-0.4000000000000057
1871,2,-0.4000000000000057
1872,1,-0.4000000000000057
1873,1,-0.4000000000000057
1874,4,-0.4000000000000057
1875,0,-0.4000000000000057
1876,2,-0.4000000000000057
1877,1,-0.4000000000000057
1878,1,-0.4000000000000057
1879,2,-0.4000000000000057
1880,1,-0.4000000000000057
1881,2,-0.4000000000000057
1882,1,-0.4000000000000057
1883,1,-0.4000000000000057
1884,0,-0.4000000000000057
1885,1,-0.4000000000000057
1886,1,-0.4000000000000057
1887,2,-0.4000000000000057
1888,0,-0.4000000000000057
1889,3,-0.4000000000000057
1890,1,-0.4000000000000057
1891,0,-0.4000000000000057
1892,4,-0.4000000000000057
1893,2,-0.4000000000000057
1894,0,-0.4000000000000057
1895,1,-0.4000000000000057
1896,1,-0.4000000000000057
1897,2,-0.4000000000000057
1898,4,-0.4000000000000057
1899,4,-0.4000000000000057
1900,0,-0.4000000000000057
1901,1,-0.4000000000000057
1902,0,-0.4000000000000057
1903,2,-0.4000000000000057
1904,0,-0.4000000000000057
1905,0,-0.4000000000000057
1906,2,-0.4000000000000057
1907,4,-0.4000000000000057
1908,3,-0.4000000000000057
1909,2,-0.4000000000000057
1910,1,2.911258278145688
1911,1,-0.4000000000000057
1912,0,-0.4000000000000057
1913,4,-0.4000000000000057
1914,1,-0.4000000000000057
1915,1,-0.4000000000000057
1916,0,-0.4000000000000057
1917,3,-0.4000000000000057
1918,1,-0.4000000000000057
1919,0,-0.4000000000000057
1920,0,-0.4000000000000057
1921,1,-0.4000000000000057
1922,2,-0.4000000000000057
1923,0,-0.4000000000000057
1924,0,-0.4000000000000057
1925,0,-0.4000000000000057
1926,1,-0.4000000000000057
1927,0,-0.4000000000000057
1928,0,-0.4000000000000057
1929,1,-0.4000000000000057
1930,0,-0.4000000000000057
1931,3,-0.4000000000000057
1932,2,-0.4000000000000057
1933,2,-0.4000000000000057
1934,0,-0.4000000000000057
1935,2,-0.4000000000000057
1936,0,-0.4000000000000057
1937,4,2.911258278145688
1938,2,-0.4000000000000057
1939,1,-0.4000000000000057
1940,2,-0.4000000000000057
1941,2,-0.4000000000000057
1942,4,-0.4000000000000057
1943,2,-0.4000000000000057
1944,0,-0.4000000000000057
1945,1,-0.4000000000000057
1946,2,-0.4000000000000057
1947,1,-0.4000000000000057
1948,0,-0.4000000000000057
1949,1,-0.4000000000000057
1950,2,-0.4000000000000057
1951,2,-0.4000000000000057
1952,1,-0.4000000000000057
1953,2,-0.4000000000000057
1954,2,-0.4000000000000057
1955,2,-0.4000000000000057
1956,0,-0.4000000000000057
1957,1,-0.4000000000000057
1958,4,-0.4000000000000057
1959,2,-0.4000000000000057
1960,4,-0.4000000000000057
1961,2,-0.4000000000000057
1962,0,-0.4000000000000057
1963,1,-0.4000000000000057
1964,1,-0.4000000000000057
1965,2,-0.4000000000000057
1966,1,-0.4000000000000057
1967,1,-0.3999999999999986
1968,2,-0.39999999999997726
1969,1,-0.39999999999997726
1970,0,-0.39999999999997726
1971,2,-0.39999999999997726
1972,1,-0.39999999999997726
1973,0,-0.39999999999997726
1974,2,-0.39999999999997726
1975,1,-0.39999999999997726
1976,0,-0.39999999999997726
1977,2,-0.39999999999997726
1978,2,-0.39999999999997726
1979,0,-0.39999999999997726
1980,2,-0.39999999999997726
1981,2,-0.39999999999997726
1982,0,-0.39999999999997726
1983,4,-0.39999999999997726
1984,2,-0.39999999999997726
1985,0,-0.39999999999997726
1986,4,-0.39999999999997726
1987,0,-0.39999999999997726
1988,1,-0.39999999999997726
1989,1,-0.39999999999997726
1990,0,-0.39999999999997726
1991,1,-0.39999999999997726
1992,2,-0.39999999999997726
1993,1,-0.39999999999997726
1994,4,2.9112582781457235
1995,0,-0.39999999999997726
1996,1,-0.39999999999997726
1997,2,-0.39999999999997726
1998,4,-0.39999999999997726
1999,1,-0.39999999999997726
2000,4,6.266666666666668
2001,2,-0.3999999999999986
2002,2,-0.3999999999999986
2003,0,-0.3999999999999986
2004,0,-0.3999999999999986
2005,1,-0.3999999999999986
2006,1,-0.39999999999999947
2007,2,-0.40000000000000036
2008,0,-0.40000000000000036
2009,1,-0.40000000000000036
2010,0,-0.40000000000000036
2011,0,-0.40000000000000036
2012,0,-0.40000000000000036
2013,2,-0.40000000000000036
2014,1,-0.3999999999999999
2015,3,-0.3999999999999999
2016,1,-0.4
2017,2,-0.4
2018,1,-0.3999999999999999
2019,0,-0.40000000000000036
2020,2,2.933333333333333
2021,2,-0.40000000000000036
2022,0,-0.40000000000000013
2023,2,-0.3999999999999999
2024,2,-0.4
2025,4,-0.4000000000000001
2026,0,-0.3999999999999999
2027,2,-0.40000000000000013
2028,2,-0.40000000000000036
2029,0,-0.40000000000000036
2030,4,-0.40000000000000036
2031,4,-0.40000000000000036
2032,2,-0.40000000000000036
2033,4,-0.40000000000000036
2034,0,-0.40000000000000036
2035,0,-0.3999999999999986
2036,0,-0.3999999999999986
2037,2,-0.3999999999999986
2038,2,-0.3999999999999986
2039,4,-0.3999999999999986
2040,0,-0.3999999999999986
2041,3,-0.3999999999999986
2042,2,-0.3999999999999986
2043,0,-0.3999999999999986
2044,2,-0.3999999999999986
2045,2,-0.3999999999999986
2046,0,-0.3999999999999986
2047,0,-0.3999999999999986
2048,0,-0.3999999999999986
2049,0,-0.3999999999999986
2050,0,-0.3999999999999986
2051,4,-0.3999999999999986
2052,1,-0.3999999999999986
2053,2,-0.3999999999999986
2054,2,-0.3999999999999986
2055,1,-0.3999999999999986
2056,4,-0.3999999999999986
2057,0,-0.3999999999999986
2058,0,-0.3999999999999986
2059,0,-0.3999999999999986
2060,1,-0.3999999999999986
2061,1,-0.3999999999999986
2062,2,-0.3999999999999986
2063,1,-0.3999999999999986
2064,0,-0.3999999999999986
2065,1,-0.4000000000000057
2066,1,-0.4000000000000057
2067,0,-0.4000000000000057
2068,0,-0.4000000000000057
2069,0,-0.4000000000000057
2070,2,-0.4000000000000057
2071,0,-0.4000000000000057
2072,0,-0.4000000000000057
2073,2,-0.4000000000000057
2074,2,2.9333333333333265
2075,0,-0.4000000000000057
2076,2,-0.4000000000000057
2077,2,-0.4000000000000057
2078,0,-0.4000000000000057
2079,1,-0.4000000000000057
2080,0,-0.4000000000000057
2081,0,-0.4000000000000057
2082,0,-0.4000000000000057
2083,0,-0.4000000000000057
2084,4,-0.4000000000000057
2085,2,-0.4000000000000057
2086,0,-0.4000000000000057
2087,0,-0.4000000000000057
2088,2,-0.4000000000000057
2089,2,-0.4000000000000057
2090,1,-0.4000000000000057
2091,4,-0.4000000000000057
2092,0,-0.4000000000000057
2093,0,-0.4000000000000057
2094,2,-0.4000000000000057
2095,1,-0.4000000000000057
2096,4,-0.4000000000000057
2097,1,-0.4000000000000057
2098,0,-0.4000000000000057
2099,0,-0.4000000000000057
2100,0,-0.4000000000000057
2101,0,-0.4000000000000057
2102,0,-0.4000000000000057
2103,2,-0.4000000000000057
2104,0,-0.4000000000000057
2105,4,-0.4000000000000057
2106,2,-0.4000000000000057
2107,0,-0.4000000000000057
2108,2,-0.4000000000000057
2109,3,-0.4000000000000057
2110,0,-0.4000000000000057
2111,1,-0.4000000000000057
2112,2,-0.4000000000000057
2113,0,-0.4000000000000057
2114,0,-0.4000000000000057
2115,0,-0.4000000000000057
2116,4,-0.4000000000000057
2117,2,-0.4000000000000057
2118,0,-0.4000000000000057
2119,0,-0.4000000000000057
2120,2,-0.4000000000000057
2121,0,-0.4000000000000057
2122,2,-0.4000000000000057
2123,2,-0.4000000000000057
2124,2,-0.4000000000000057
2125,2,-0.4000000000000057
2126,2,-0.4000000000000057
2127,0,-0.4000000000000057
2128,1,-0.4000000000000057
2129,2,-0.4000000000000057
2130,0,-0.4000000000000057
2131,0,-0.4000000000000057
2132,2,-0.4000000000000057
2133,4,-0.4000000000000057
2134,2,-0.4000000000000057
2135,0,-0.4000000000000057
2136,2,-0.4000000000000057
2137,2,-0.4000000000000057
2138,1,-0.4000000000000057
2139,4,-0.4000000000000057
2140,2,-0.4000000000000057
2141,0,-0.4000000000000057
2142,2,-0.4000000000000057
2143,2,-0.4000000000000057
2144,2,-0.4000000000000057
2145,0,-0.4000000000000057
2146,2,-0.4000000000000057
2147,0,-0.4000000000000057
2148,0,-0.4000000000000057
2149,0,-0.4000000000000057
2150,2,-0.4000000000000057
2151,0,-0.4000000000000057
2152,4,-0.4000000000000057
2153,0,-0.4000000000000057
2154,2,-0.4000000000000057
2155,2,-0.4000000000000057
2156,1,-0.4000000000000057
2157,1,-0.4000000000000057
2158,0,-0.4000000000000057
2159,0,-0.4000000000000057
2160,1,-0.4000000000000057
2161,0,2.93333333333333
2162,4,-0.4000000000000057
2163,0,-0.4000000000000057
2164,2,-0.4000000000000057
2165,0,-0.4000000000000057
2166,0,-0.4000000000000057
2167,1,-0.4000000000000057
2168,2,-0.4000000000000057
2169,2,-0.4000000000000057
2170,2,-0.4000000000000057
2171,0,-0.4000000000000057
2172,2,-0.4000000000000057
2173,2,-0.4000000000000057
2174,2,-0.4000000000000057
2175,2,-0.4000000000000057
2176,0,-0.4000000000000057
2177,0,-0.4000000000000057
2178,4,-0.4000000000000057
2179,2,-0.4000000000000057
2180,4,-0.4000000000000057
2181,0,-0.4000000000000057
2182,2,-0.4000000000000057
2183,2,-0.4000000000000057
2184,2,-0.4000000000000057
2185,2,-0.4000000000000057
2186,2,-0.4000000000000057
2187,2,-0.4000000000000057
2188,0,-0.4000000000000057
2189,2,-0.4000000000000057
2190,2,-0.4000000000000057
2191,4,-0.4000000000000057
2192,0,-0.4000000000000057
2193,2,-0.4000000000000057
2194,0,-0.4000000000000057
2195,0,-0.4000000000000057
2196,4,-0.4000000000000057
2197,4,-0.4000000000000057
2198,2,-0.4000000000000057
2199,0,-0.4000000000000057
2200,0,-0.4000000000000057
2201,2,-0.3999999999999915
2202,2,-0.39999999999997726
2203,0,-0.39999999999997726
2204,0,-0.39999999999997726
2205,4,-0.39999999999997726
2206,2,-0.39999999999997726
2207,0,-0.39999999999997726
2208,1,-0.39999999999997726
2209,0,-0.39999999999997726
2210,0,-0.39999999999997726
2211,0,-0.39999999999997726
2212,0,-0.39999999999997726
2213,1,-0.39999999999997726
2214,1,-0.39999999999997726
2215,1,-0.39999999999997726
2216,2,-0.39999999999997726
2217,0,-0.39999999999997726
2218,0,-0.39999999999997726
2219,0,-0.39999999999997726
2220,2,-0.39999999999997726
2221,2,-0.39999999999997726
2222,0,-0.39999999999997726
2223,4,-0.39999999999997726
2224,0,-0.39999999999997726
2225,0,-0.39999999999997726
2226,2,-0.39999999999997726
2227,2,-0.39999999999997726
2228,2,-0.39999999999997726
2229,3,-0.39999999999997726
2230,4,-0.39999999999997726
2231,4,-0.39999999999997726
2232,0,-0.39999999999997726
2233,0,-0.39999999999997726
2234,2,-0.39999999999997726
2235,0,-0.39999999999997726
2236,2,-0.39999999999997726
2237,0,-0.39999999999997726
2238,4,-0.39999999999997726
2239,0,-0.39999999999997726
2240,2,-0.39999999999997726
2241,0,-0.39999999999997726
2242,2,-0.39999999999997726
2243,1,-0.39999999999997726
2244,2,-0.39999999999997726
2245,2,-0.39999999999997726
2246,1,-0.39999999999997726
2247,0,-0.39999999999997726
2248,1,-0.39999999999997726
2249,0,-0.39999999999997726
2250,1,6.568641114982579
2251,1,-0.3999999999999986
2252,0,-0.3999999999999986
2253,4,-0.3999999999999986
2254,0,-0.3999999999999986
2255,0,-0.3999999999999986
2256,2,-0.3999999999999986
2257,2,-0.3999999999999999
2258,0,-0.40000000000000036
2259,2,-0.40000000000000036
2260,0,-0.40000000000000036
2261,0,-0.40000000000000036
2262,1,-0.40000000000000036
2263,2,-0.40000000000000036
2264,0,-0.40000000000000024
2265,0,-0.3999999999999999
2266,4,-0.3999999999999999
2267,0,-0.4
2268,4,-0.4
2269,1,-0.4
2270,2,-0.40000000000000036
2271,0,-0.40000000000000036
2272,1,-0.40000000000000013
2273,2,-0.40000000000000036
2274,2,-0.40000000000000036
2275,2,-0.40000000000000036
2276,2,-0.40000000000000036
2277,1,-0.39999999999999947
2278,4,-0.3999999999999986
2279,4,-0.3999999999999986
2280,2,-0.3999999999999986
2281,0,-0.3999999999999986
2282,1,-0.3999999999999986
2283,0,-0.3999999999999986
2284,2,-0.3999999999999986
2285,4,-0.3999999999999986
2286,0,-0.3999999999999986
2287,0,-0.3999999999999986
2288,2,-0.3999999999999986
2289,4,-0.3999999999999986
2290,2,-0.3999999999999986
2291,0,-0.3999999999999986
2292,0,-0.3999999999999986
2293,2,-0.3999999999999986
2294,0,-0.3999999999999986
2295,0,-0.3999999999999986
2296,2,-0.3999999999999986
2297,0,-0.3999999999999986
2298,1,-0.3999999999999986
2299,0,-0.3999999999999986
2300,2,-0.3999999999999986
2301,1,-0.3999999999999986
2302,3,-0.3999999999999986
2303,2,-0.3999999999999986
2304,4,-0.3999999999999986
2305,1,-0.3999999999999986
2306,0,-0.3999999999999986
2307,4,-0.4000000000000039
2308,0,-0.4000000000000057
2309,1,-0.4000000000000057
2310,0,-0.4000000000000057
2311,2,-0.4000000000000057
2312,2,-0.4000000000000057
2313,2,-0.4000000000000057
2314,2,-0.4000000000000057
2315,0,-0.4000000000000057
2316,2,-0.4000000000000057
2317,2,-0.4000000000000057
2318,1,-0.4000000000000057
2319,0,-0.4000000000000057
2320,2,-0.4000000000000057
2321,2,-0.4000000000000057
2322,2,-0.4000000000000057
2323,2,-0.4000000000000057
2324,1,-0.4000000000000057
2325,2,-0.4000000000000057
2326,1,-0.4000000000000057
2327,2,-0.4000000000000057
2328,1,-0.4000000000000057
2329,2,-0.4000000000000057
2330,0,-0.4000000000000057
2331,2,-0.4000000000000057
2332,2,-0.4000000000000057
2333,2,3.0843205574912815
2334,1,-0.4000000000000057
2335,0,-0.4000000000000057
2336,2,-0.4000000000000057
2337,0,-0.4000000000000057
2338,0,-0.4000000000000057
2339,2,-0.4000000000000057
2340,2,-0.4000000000000057
2341,1,-0.4000000000000057
2342,2,-0.4000000000000057
2343,0,-0.4000000000000057
2344,0,-0.4000000000000057
2345,2,-0.4000000000000057
2346,2,-0.4000000000000057
2347,0,-0.4000000000000057
2348,0,-0.4000000000000057
2349,0,-0.4000000000000057
2350,2,-0.4000000000000057
2351,1,-0.4000000000000057
2352,2,-0.4000000000000057
2353,2,-0.4000000000000057
2354,1,-0.4000000000000057
2355,0,-0.4000000000000057
2356,2,-0.4000000000000057
2357,2,-0.4000000000000057
2358,2,-0.4000000000000057
2359,0,-0.4000000000000057
2360,1,-0.4000000000000057
2361,2,-0.4000000000000057
2362,1,-0.4000000000000057
2363,2,-0.4000000000000057
2364,0,-0.4000000000000057
2365,1,-0.4000000000000057
2366,2,-0.4000000000000057
2367,1,-0.4000000000000057
2368,2,-0.4000000000000057
2369,0,-0.4000000000000057
2370,4,-0.4000000000000057
2371,0,-0.4000000000000057
2372,2,-0.4000000000000057
2373,4,-0.4000000000000057
2374,1,-0.4000000000000057
2375,0,-0.4000000000000057
2376,2,-0.4000000000000057
2377,2,-0.4000000000000057
2378,2,-0.4000000000000057
2379,0,-0.4000000000000057
2380,0,-0.4000000000000057
2381,2,-0.4000000000000057
2382,2,-0.4000000000000057
2383,4,-0.4000000000000057
2384,1,-0.4000000000000057
2385,0,-0.4000000000000057
2386,1,-0.4000000000000057
2387,0,-0.4000000000000057
2388,2,-0.4000000000000057
2389,0,-0.4000000000000057
2390,2,-0.4000000000000057
2391,0,-0.4000000000000057
2392,2,-0.4000000000000057
2393,2,-0.4000000000000057
2394,0,-0.4000000000000057
2395,0,-0.4000000000000057
2396,0,-0.4000000000000057
2397,0,-0.4000000000000057
2398,2,-0.4000000000000057
2399,0,-0.4000000000000057
2400,2,-0.4000000000000057
2401,2,-0.4000000000000057
2402,2,-0.4000000000000057
2403,0,-0.4000000000000057
2404,4,-0.4000000000000057
2405,2,-0.4000000000000057
2406,2,-0.4000000000000057
2407,1,-0.4000000000000057
2408,0,-0.4000000000000057
2409,2,-0.4000000000000057
2410,2,-0.4000000000000057
2411,1,-0.4000000000000057
2412,0,-0.4000000000000057
2413,2,-0.4000000000000057
2414,2,-0.4000000000000057
2415,0,-0.4000000000000057
2416,0,-0.4000000000000057
2417,0,-0.4000000000000057
2418,0,-0.4000000000000057
2419,2,-0.4000000000000057
2420,0,-0.4000000000000057
2421,0,-0.4000000000000057
2422,2,-0.4000000000000057
2423,0,-0.4000000000000057
2424,0,-0.4000000000000057
2425,1,-0.4000000000000057
2426,0,-0.4000000000000057
2427,0,3.0843205574912815
2428,0,-0.4000000000000057
2429,0,-0.4000000000000057
2430,2,-0.4000000000000057
2431,2,-0.4000000000000057
2432,3,-0.4000000000000057
2433,0,-0.4000000000000057
2434,0,-0.4000000000000057
2435,1,-0.4000000000000057
2436,0,-0.4000000000000057
2437,0,-0.4000000000000057
2438,0,-0.4000000000000057
2439,2,-0.4000000000000057
2440,2,-0.4000000000000057
2441,2,-0.4000000000000057
2442,2,-0.4000000000000057
2443,4,-0.4000000000000057
2444,2,-0.3999999999999986
2445,2,-0.39999999999997726
2446,0,-0.39999999999997726
2447,0,-0.39999999999997726
2448,0,-0.39999999999997726
2449,2,-0.39999999999997726
2450,2,-0.39999999999997726
2451,2,-0.39999999999997726
2452,0,-0.39999999999997726
2453,2,-0.39999999999997726
2454,0,-0.39999999999997726
2455,2,-0.39999999999997726
2456,0,-0.39999999999997726
2457,1,-0.39999999999997726
2458,2,-0.39999999999997726
2459,1,-0.39999999999997726
2460,0,-0.39999999999997726
2461,2,-0.39999999999997726
2462,2,-0.39999999999997726
2463,2,-0.39999999999997726
2464,2,-0.39999999999997726
2465,2,-0.39999999999997726
2466,1,-0.39999999999997726
2467,0,-0.39999999999997726
2468,2,-0.39999999999997726
2469,2,-0.39999999999997726
2470,2,-0.39999999999997726
2471,1,-0.39999999999997726
2472,1,3.08432055749131
2473,0,-0.39999999999997726
2474,0,-0.39999999999997726
2475,0,-0.39999999999997726
2476,4,-0.39999999999997726
2477,1,-0.39999999999997726
2478,3,-0.39999999999997726
2479,2,-0.39999999999997726
2480,0,-0.39999999999997726
2481,1,-0.39999999999997726
2482,1,-0.39999999999997726
2483,0,-0.39999999999997726
2484,1,-0.39999999999997726
2485,2,-0.39999999999997726
2486,2,-0.39999999999997726
2487,0,-0.39999999999997726
2488,4,-0.39999999999997726
2489,0,-0.39999999999997726
2490,2,-0.39999999999997726
2491,2,-0.39999999999997726
2492,2,-0.39999999999997726
2493,2,-0.39999999999997726
2494,0,-0.39999999999997726
2495,4,-0.39999999999997726
2496,2,-0.39999999999997726
2497,2,-0.39999999999997726
2498,0,-0.39999999999997726
2499,0,-0.39999999999997726
2500,2,6.692198581560285
2501,0,-0.3999999999999986
2502,2,-0.3999999999999986
2503,2,-0.3999999999999986
2504,0,-0.3999999999999986
2505,2,-0.3999999999999986
2506,0,-0.3999999999999986
2507,0,-0.39999999999999947
2508,0,-0.40000000000000036
2509,2,-0.40000000000000036
2510,2,-0.40000000000000036
2511,2,-0.40000000000000036
2512,0,-0.40000000000000036
2513,2,-0.40000000000000036
2514,2,-0.40000000000000036
2515,0,-0.3999999999999999
2516,0,-0.3999999999999999
2517,2,-0.4
2518,2,-0.4
2519,1,-0.3999999999999999
2520,2,-0.40000000000000036
2521,0,-0.40000000000000036
2522,0,-0.40000000000000013
2523,1,-0.40000000000000036
2524,2,-0.40000000000000036
2525,2,-0.40000000000000036
2526,2,-0.40000000000000036
2527,0,-0.3999999999999999
2528,1,-0.3999999999999986
2529,2,-0.3999999999999986
2530,1,-0.3999999999999986
2531,0,-0.3999999999999986
2532,2,-0.3999999999999986
2533,1,-0.3999999999999986
2534,2,-0.3999999999999986
2535,2,-0.3999999999999986
2536,1,-0.3999999999999986
2537,2,-0.39999999999999947
2538,2,-0.3999999999999986
2539,0,-0.3999999999999986
2540,0,-0.3999999999999986
2541,0,-0.3999999999999986
2542,2,-0.3999999999999986
2543,2,-0.3999999999999986
2544,2,-0.3999999999999986
2545,2,-0.3999999999999986
2546,2,-0.3999999999999986
2547,4,-0.3999999999999986
2548,1,-0.3999999999999986
2549,2,-0.3999999999999986
2550,0,-0.3999999999999986
2551,0,-0.3999999999999986
2552,0,-0.3999999999999986
2553,2,-0.3999999999999986
2554,2,-0.3999999999999986
2555,4,-0.3999999999999986
2556,1,-0.3999999999999986
2557,0,-0.40000000000000036
2558,1,-0.4000000000000057
2559,0,-0.4000000000000057
2560,0,-0.4000000000000057
2561,0,-0.4000000000000057
2562,1,-0.4000000000000057
2563,1,-0.4000000000000057
2564,2,-0.4000000000000057
2565,0,-0.4000000000000057
2566,2,-0.4000000000000057
2567,2,-0.4000000000000057
2568,1,-0.4000000000000057
2569,2,-0.4000000000000057
2570,1,-0.4000000000000057
2571,0,-0.4000000000000057
2572,2,-0.4000000000000057
2573,0,-0.4000000000000057
2574,2,-0.4000000000000057
2575,2,-0.4000000000000057
2576,2,-0.4000000000000057
2577,2,-0.4000000000000057
2578,0,-0.4000000000000057
2579,2,-0.4000000000000057
2580,0,-0.4000000000000057
2581,0,-0.4000000000000057
2582,2,-0.4000000000000057
2583,2,-0.4000000000000057
2584,0,-0.4000000000000057
2585,2,-0.4000000000000057
2586,0,-0.4000000000000057
2587,0,-0.4000000000000057
2588,0,3.1460992907801355
2589,2,-0.4000000000000057
2590,0,-0.4000000000000057
2591,2,-0.4000000000000057
2592,2,-0.4000000000000057
2593,2,-0.4000000000000057
2594,2,-0.4000000000000057
2595,0,-0.4000000000000057
2596,2,-0.4000000000000057
2597,2,-0.4000000000000057
2598,1,-0.4000000000000057
2599,2,-0.4000000000000057
2600,0,-0.4000000000000057
2601,2,-0.4000000000000057
2602,0,-0.4000000000000057
2603,2,-0.4000000000000057
2604,0,-0.4000000000000057
2605,4,-0.4000000000000057
2606,0,-0.4000000000000057
2607,0,-0.4000000000000057
2608,0,-0.4000000000000057
2609,2,-0.4000000000000057
2610,0,-0.4000000000000057
2611,2,-0.4000000000000057
2612,2,-0.4000000000000057
2613,0,-0.4000000000000057
2614,2,-0.4000000000000057
2615,0,-0.4000000000000057
2616,2,-0.4000000000000057
2617,1,-0.4000000000000057
2618,2,-0.4000000000000057
2619,2,-0.4000000000000057
2620,2,-0.4000000000000057
2621,1,-0.4000000000000057
2622,1,-0.4000000000000057
2623,2,-0.4000000000000057
2624,2,-0.4000000000000057
2625,2,-0.4000000000000057
2626,0,-0.4000000000000057
2627,2,-0.4000000000000057
2628,2,-0.4000000000000057
2629,0,-0.4000000000000057
2630,2,-0.4000000000000057
2631,0,-0.4000000000000057
2632,1,-0.4000000000000057
2633,2,-0.4000000000000057
2634,0,-0.4000000000000057
2635,2,-0.4000000000000057
2636,0,-0.4000000000000057
2637,2,-0.4000000000000057
2638,2,-0.4000000000000057
2639,4,-0.4000000000000057
2640,2,-0.4000000000000057
2641,2,-0.4000000000000057
2642,1,-0.4000000000000057
2643,1,-0.4000000000000057
2644,0,-0.4000000000000057
2645,0,-0.4000000000000057
2646,4,-0.4000000000000057
2647,0,-0.4000000000000057
2648,0,-0.4000000000000057
2649,0,-0.4000000000000057
2650,0,-0.4000000000000057
2651,4,-0.4000000000000057
2652,0,-0.4000000000000057
2653,0,-0.4000000000000057
2654,2,-0.4000000000000057
2655,2,-0.4000000000000057
2656,0,-0.4000000000000057
2657,3,-0.4000000000000057
2658,2,-0.4000000000000057
2659,0,-0.4000000000000057
2660,2,-0.4000000000000057
2661,2,-0.4000000000000057
2662,2,-0.4000000000000057
2663,0,-0.4000000000000057
2664,1,-0.4000000000000057
2665,2,-0.4000000000000057
2666,0,-0.4000000000000057
2667,2,-0.4000000000000057
2668,0,-0.4000000000000057
2669,0,-0.4000000000000057
2670,2,-0.4000000000000057
2671,2,-0.4000000000000057
2672,4,-0.4000000000000057
2673,2,-0.4000000000000057
2674,2,-0.4000000000000057
2675,1,-0.4000000000000057
2676,2,-0.4000000000000057
2677,0,-0.4000000000000057
2678,2,-0.4000000000000057
2679,1,-0.4000000000000057
2680,0,-0.4000000000000057
2681,0,-0.4000000000000057
2682,0,-0.4000000000000057
2683,0,-0.4000000000000057
2684,0,-0.4000000000000057
2685,2,-0.4000000000000057
2686,2,-0.3999999999999915
2687,0,-0.39999999999997726
2688,0,-0.39999999999997726
2689,2,-0.39999999999997726
2690,0,-0.39999999999997726
2691,0,-0.39999999999997726
2692,1,-0.39999999999997726
2693,0,-0.39999999999997726
2694,2,-0.39999999999997726
2695,2,3.146099290780171
2696,2,-0.39999999999997726
2697,2,-0.39999999999997726
2698,0,-0.39999999999997726
2699,2,-0.39999999999997726
2700,2,-0.39999999999997726
2701,1,-0.39999999999997726
2702,2,-0.39999999999997726
2703,2,-0.39999999999997726
2704,2,-0.39999999999997726
2705,2,-0.39999999999997726
2706,0,-0.39999999999997726
2707,2,-0.39999999999997726
2708,0,-0.39999999999997726
2709,4,-0.39999999999997726
2710,0,-0.39999999999997726
2711,2,-0.39999999999997726
2712,0,-0.39999999999997726
2713,0,-0.39999999999997726
2714,0,-0.39999999999997726
2715,0,-0.39999999999997726
2716,0,-0.39999999999997726
2717,2,-0.39999999999997726
2718,2,-0.39999999999997726
2719,1,-0.39999999999997726
2720,2,-0.39999999999997726
2721,0,-0.39999999999997726
2722,0,-0.39999999999997726
2723,1,-0.39999999999997726
2724,2,-0.39999999999997726
2725,0,-0.39999999999997726
2726,2,-0.39999999999997726
2727,1,-0.39999999999997726
2728,2,-0.39999999999997726
2729,2,-0.39999999999997726
2730,2,-0.39999999999997726
2731,2,-0.39999999999997726
2732,2,-0.39999999999997726
2733,2,-0.39999999999997726
2734,2,-0.39999999999997726
2735,2,-0.39999999999997726
2736,0,-0.39999999999997726
2737,0,-0.39999999999997726
2738,2,-0.39999999999997726
2739,4,-0.39999999999997726
2740,0,-0.39999999999997726
2741,0,-0.39999999999997726
2742,2,-0.39999999999997726
2743,2,-0.39999999999997726
2744,0,-0.39999999999997726
2745,2,-0.39999999999997726
2746,2,-0.39999999999997726
2747,0,-0.39999999999997726
2748,0,-0.39999999999997726
2749,2,-0.39999999999997726
2750,2,5.889308176100631
2751,0,-0.3999999999999986
2752,2,-0.3999999999999986
2753,2,-0.3999999999999986
2754,1,-0.3999999999999986
2755,2,-0.39999999999999947
2756,2,-0.40000000000000036
2757,0,-0.40000000000000036
2758,2,-0.40000000000000036
2759,2,-0.40000000000000036
2760,2,-0.40000000000000036
2761,0,-0.40000000000000036
2762,2,-0.40000000000000036
2763,1,-0.3999999999999999
2764,0,-0.3999999999999999
2765,2,-0.4
2766,0,-0.4
2767,4,-0.3999999999999999
2768,2,-0.40000000000000036
2769,2,-0.40000000000000036
2770,2,-0.40000000000000013
2771,2,-0.40000000000000036
2772,2,-0.40000000000000036
2773,2,-0.40000000000000036
2774,0,-0.40000000000000036
2775,2,-0.3999999999999999
2776,0,-0.3999999999999986
2777,0,-0.3999999999999986
2778,0,-0.3999999999999986
2779,4,-0.3999999999999986
2780,0,-0.3999999999999986
2781,2,-0.3999999999999986
2782,2,-0.3999999999999986
2783,2,-0.3999999999999986
2784,2,-0.3999999999999986
2785,0,-0.3999999999999986
2786,0,-0.3999999999999986
2787,0,-0.3999999999999986
2788,2,-0.3999999999999986
2789,2,-0.3999999999999986
2790,0,-0.3999999999999986
2791,2,-0.3999999999999986
2792,0,-0.3999999999999986
2793,4,-0.3999999999999986
2794,0,-0.3999999999999986
2795,0,-0.3999999999999986
2796,2,-0.3999999999999986
2797,0,-0.3999999999999986
2798,2,-0.3999999999999986
2799,0,-0.3999999999999986
2800,2,-0.3999999999999986
2801,0,-0.3999999999999986
2802,2,-0.3999999999999986
2803,2,-0.3999999999999986
2804,0,-0.3999999999999986
2805,0,-0.40000000000000036
2806,2,-0.4000000000000057
2807,0,-0.4000000000000057
2808,2,-0.4000000000000057
2809,2,-0.4000000000000057
2810,2,-0.4000000000000057
2811,1,-0.4000000000000057
2812,1,-0.4000000000000057
2813,2,-0.4000000000000057
2814,0,-0.4000000000000057
2815,1,-0.4000000000000057
2816,2,-0.4000000000000057
2817,1,-0.4000000000000057
2818,0,-0.4000000000000057
2819,2,-0.4000000000000057
2820,0,-0.4000000000000057
2821,0,-0.4000000000000057
2822,2,-0.4000000000000057
2823,0,-0.4000000000000057
2824,2,-0.4000000000000057
2825,0,-0.4000000000000057
2826,2,-0.4000000000000057
2827,2,-0.4000000000000057
2828,1,-0.4000000000000057
2829,0,-0.4000000000000057
2830,2,-0.4000000000000057
2831,2,-0.4000000000000057
2832,2,-0.4000000000000057
2833,2,-0.4000000000000057
2834,0,-0.4000000000000057
2835,2,-0.4000000000000057
2836,0,-0.4000000000000057
2837,2,-0.4000000000000057
2838,0,-0.4000000000000057
2839,0,-0.4000000000000057
2840,0,-0.4000000000000057
2841,2,-0.4000000000000057
2842,2,-0.4000000000000057
2843,0,-0.4000000000000057
2844,2,-0.4000000000000057
2845,0,-0.40000000000000213
2846,2,-0.4000000000000057
2847,1,-0.4000000000000057
2848,2,-0.4000000000000057
2849,0,-0.4000000000000057
2850,4,2.7446540880503107
2851,0,-0.4000000000000057
2852,1,-0.4000000000000057
2853,0,-0.4000000000000057
2854,0,-0.4000000000000057
2855,2,-0.4000000000000057
2856,2,-0.4000000000000057
2857,4,-0.4000000000000057
2858,2,-0.4000000000000057
2859,2,-0.4000000000000057
2860,2,-0.4000000000000057
2861,0,-0.4000000000000057
2862,2,-0.4000000000000057
2863,2,-0.4000000000000057
2864,0,-0.4000000000000057
2865,2,-0.4000000000000057
2866,2,-0.4000000000000057
2867,4,-0.4000000000000057
2868,2,-0.4000000000000057
2869,0,-0.4000000000000057
2870,3,-0.4000000000000057
2871,2,-0.4000000000000057
2872,2,-0.4000000000000057
2873,2,-0.4000000000000057
2874,2,-0.4000000000000057
2875,2,-0.4000000000000057
2876,2,-0.4000000000000057
2877,2,-0.4000000000000057
2878,2,-0.4000000000000057
2879,2,-0.4000000000000057
2880,0,-0.4000000000000057
2881,0,-0.4000000000000057
2882,2,-0.4000000000000057
2883,0,-0.4000000000000057
2884,2,-0.4000000000000057
2885,0,-0.4000000000000057
2886,2,-0.4000000000000057
2887,2,-0.4000000000000057
2888,0,-0.4000000000000057
2889,2,-0.4000000000000057
2890,2,-0.4000000000000057
2891,1,-0.4000000000000057
2892,2,-0.4000000000000057
2893,0,-0.4000000000000057
2894,2,-0.4000000000000057
2895,0,-0.4000000000000057
2896,2,-0.4000000000000057
2897,2,-0.4000000000000057
2898,2,-0.4000000000000057
2899,2,-0.4000000000000057
2900,2,-0.4000000000000057
2901,2,-0.4000000000000057
2902,2,-0.4000000000000057
2903,2,-0.4000000000000057
2904,2,-0.4000000000000057
2905,0,-0.4000000000000057
2906,2,-0.4000000000000057
2907,2,-0.4000000000000057
2908,0,-0.4000000000000057
2909,2,-0.4000000000000057
2910,0,-0.4000000000000057
2911,2,-0.4000000000000057
2912,0,-0.4000000000000057
2913,1,-0.4000000000000057
2914,2,-0.4000000000000057
2915,2,-0.4000000000000057
2916,2,-0.4000000000000057
2917,2,-0.4000000000000057
2918,0,-0.4000000000000057
2919,2,-0.4000000000000057
2920,2,-0.4000000000000057
2921,2,-0.4000000000000057
2922,2,-0.4000000000000057
2923,4,-0.4000000000000057
2924,2,-0.4000000000000057
2925,2,-0.4000000000000057
2926,4,-0.4000000000000057
2927,2,-0.4000000000000057
2928,0,-0.4000000000000057
2929,4,-0.4000000000000057
2930,2,-0.4000000000000057
2931,2,-0.4000000000000057
2932,0,-0.4000000000000057
2933,2,-0.3999999999999986
2934,0,-0.39999999999997726
