0,0,6.8463768115942045
1,1,-0.3999999999999986
2,4,-0.3999999999999986
3,1,-0.3999999999999986
4,2,-0.3999999999999986
5,2,-0.3999999999999986
6,2,-0.3999999999999986
7,0,-0.3999999999999986
8,2,-0.40000000000000036
9,0,-0.40000000000000036
10,1,3.223188405797103
11,2,-0.3999999999999986
12,0,-0.3999999999999986
13,3,-0.3999999999999986
14,1,-0.3999999999999986
15,2,-0.3999999999999986
16,2,-0.3999999999999986
17,0,-0.40000000000000036
18,2,-0.40000000000000036
19,2,-0.40000000000000036
20,2,-0.40000000000000036
21,2,-0.40000000000000036
22,3,-0.40000000000000036
23,0,-0.40000000000000036
24,2,-0.40000000000000013
25,2,-0.3999999999999999
26,2,-0.3999999999999999
27,2,-0.4
28,2,-0.39999999999999997
29,0,3.2231884057971008
30,2,-0.40000000000000036
31,2,-0.40000000000000036
32,2,-0.40000000000000036
33,3,-0.40000000000000013
34,3,-0.3999999999999999
35,2,-0.3999999999999999
36,2,-0.4
37,2,-0.39999999999999997
38,0,-0.40000000000000013
39,2,-0.40000000000000036
40,2,-0.40000000000000036
41,1,-0.40000000000000013
42,3,-0.40000000000000036
43,2,-0.40000000000000036
44,0,-0.40000000000000036
45,2,-0.40000000000000036
46,0,3.2231884057971016
47,0,-0.3999999999999999
48,0,-0.40000000000000036
49,2,-0.40000000000000036
50,2,-0.40000000000000013
51,2,-0.40000000000000036
52,2,-0.40000000000000036
53,3,-0.40000000000000036
54,2,-0.40000000000000036
55,2,-0.39999999999999947
56,3,-0.3999999999999986
57,0,-0.3999999999999986
58,2,-0.3999999999999986
59,2,-0.3999999999999986
60,2,-0.3999999999999986
61,0,-0.3999999999999986
62,2,-0.3999999999999986
63,3,-0.3999999999999986
64,3,-0.3999999999999986
65,2,-0.39999999999999947
66,3,-0.3999999999999986
67,1,-0.3999999999999986
68,2,-0.3999999999999986
69,3,-0.3999999999999986
70,0,-0.3999999999999986
71,2,-0.3999999999999986
72,2,-0.3999999999999986
73,3,-0.3999999999999986
74,2,-0.3999999999999986
75,2,-0.3999999999999986
76,3,-0.3999999999999986
77,3,-0.3999999999999986
78,2,-0.3999999999999986
79,1,-0.3999999999999986
80,3,-0.3999999999999986
81,2,-0.3999999999999986
82,3,-0.3999999999999986
83,3,-0.3999999999999986
84,3,-0.3999999999999986
85,3,-0.40000000000000213
86,3,-0.4000000000000057
87,3,-0.4000000000000057
88,3,-0.4000000000000057
89,3,-0.4000000000000057
90,3,-0.4000000000000057
91,3,-0.4000000000000057
92,3,-0.4000000000000057
93,3,-0.4000000000000057
94,3,-0.4000000000000057
95,3,-0.4000000000000057
96,3,-0.4000000000000057
97,3,-0.4000000000000057
98,3,-0.4000000000000057
99,3,-0.4000000000000057
100,3,-0.4000000000000057
101,3,-0.4000000000000057
102,3,-0.4000000000000057
103,3,-0.4000000000000057
104,3,-0.4000000000000057
105,3,-0.4000000000000057
106,3,-0.4000000000000057
107,3,-0.4000000000000057
108,3,-0.4000000000000057
109,3,-0.4000000000000057
110,3,-0.4000000000000057
111,3,-0.4000000000000057
112,3,-0.4000000000000057
113,3,-0.4000000000000057
114,3,-0.4000000000000057
115,3,-0.4000000000000057
116,3,-0.4000000000000057
117,3,-0.4000000000000057
118,3,-0.4000000000000057
119,3,-0.4000000000000057
120,3,-0.4000000000000057
121,3,-0.4000000000000057
122,3,-0.4000000000000057
123,3,-0.4000000000000057
124,3,-0.4000000000000057
125,3,-0.4000000000000057
126,3,-0.4000000000000057
127,3,-0.4000000000000057
128,3,-0.4000000000000057
129,3,-0.4000000000000057
130,3,-0.4000000000000057
131,3,-0.4000000000000057
132,3,-0.4000000000000057
133,3,-0.4000000000000057
134,3,-0.4000000000000057
135,3,-0.4000000000000057
136,3,-0.4000000000000057
137,3,-0.4000000000000057
138,3,-0.4000000000000057
139,3,-0.4000000000000057
140,3,-0.4000000000000057
141,3,-0.4000000000000057
142,3,6.846376811594197
143,3,3.223188405797096
144,3,3.223188405797096
145,3,-0.4000000000000057
146,3,-0.4000000000000057
147,3,-0.4000000000000057
148,3,-0.4000000000000057
149,3,-0.4000000000000057
150,3,-0.4000000000000057
151,3,-0.4000000000000057
152,3,-0.4000000000000057
153,3,-0.4000000000000057
154,3,-0.4000000000000057
155,3,-0.4000000000000057
156,3,-0.4000000000000057
157,3,-0.4000000000000057
158,3,-0.4000000000000057
159,3,-0.4000000000000057
160,3,-0.4000000000000057
161,3,-0.4000000000000057
162,3,-0.4000000000000057
163,3,-0.4000000000000057
164,3,-0.4000000000000057
165,3,-0.4000000000000057
166,3,-0.4000000000000057
167,3,-0.4000000000000057
168,3,-0.4000000000000057
169,3,-0.4000000000000057
170,3,-0.4000000000000057
171,3,-0.4000000000000057
172,3,-0.4000000000000057
173,3,-0.4000000000000057
174,3,-0.4000000000000057
175,3,-0.4000000000000057
176,3,-0.4000000000000057
177,3,-0.4000000000000057
178,3,-0.4000000000000057
179,3,-0.4000000000000057
180,3,-0.4000000000000057
181,3,-0.4000000000000057
182,3,-0.4000000000000057
183,3,-0.4000000000000057
184,3,-0.4000000000000057
185,3,-0.4000000000000057
186,3,-0.4000000000000057
187,3,-0.4000000000000057
188,3,-0.4000000000000057
189,3,-0.4000000000000057
190,3,-0.4000000000000057
191,3,-0.4000000000000057
192,3,-0.4000000000000057
193,3,-0.4000000000000057
194,3,-0.4000000000000057
195,3,-0.4000000000000057
196,3,-0.4000000000000057
197,3,-0.4000000000000057
198,3,-100
199,3,5.889308176100631
200,3,-0.3999999999999986
201,3,2.744654088050316
202,3,-0.3999999999999986
203,3,-0.3999999999999986
204,3,2.744654088050316
205,3,-0.3999999999999986
206,3,2.744654088050316
207,3,-0.3999999999999986
208,3,2.744654088050316
209,3,-0.3999999999999986
210,3,2.7446540880503107
211,3,-0.4000000000000057
212,3,2.744654088050307
213,3,2.7446540880503107
214,3,2.7446540880503107
215,3,-0.4000000000000057
216,3,2.7446540880503107
217,3,2.7446540880503107
218,3,2.7446540880503107
219,3,2.7446540880503107
220,3,2.7446540880503107
221,3,2.7446540880503107
222,3,2.7446540880503107
223,3,-0.4000000000000057
224,3,5.889308176100627
225,3,2.7446540880503107
226,3,-0.4000000000000057
227,3,2.7446540880503107
228,3,-0.4000000000000057
229,3,-0.4000000000000057
230,3,-0.4000000000000057
231,3,-0.4000000000000057
232,3,-0.4000000000000057
233,3,-0.4000000000000057
234,3,-0.4000000000000057
235,3,-0.4000000000000057
236,3,-0.4000000000000057
237,3,-0.4000000000000057
238,3,-0.4000000000000057
239,3,-0.4000000000000057
240,3,-0.4000000000000057
241,3,-0.4000000000000057
242,3,-0.4000000000000057
243,3,-0.4000000000000057
244,3,-0.4000000000000057
245,3,-0.4000000000000057
246,3,-0.4000000000000057
247,3,-0.4000000000000057
248,3,-0.4000000000000057
249,3,-0.4000000000000057
250,3,-0.4000000000000057
251,3,-0.4000000000000057
252,3,-0.4000000000000057
253,3,-0.4000000000000057
254,3,-0.4000000000000057
255,3,-0.4000000000000057
256,3,-0.4000000000000057
257,3,-0.4000000000000057
258,3,-0.4000000000000057
259,3,-0.4000000000000057
260,3,-0.4000000000000057
261,3,-0.4000000000000057
262,3,-0.4000000000000057
263,3,-0.4000000000000057
264,3,-0.4000000000000057
265,3,-0.4000000000000057
266,3,-0.4000000000000057
267,3,-0.4000000000000057
268,3,-0.4000000000000057
269,3,-0.4000000000000057
270,3,-0.4000000000000057
271,3,-0.4000000000000057
272,3,-0.4000000000000057
273,3,-0.4000000000000057
274,3,-0.4000000000000057
275,3,-0.4000000000000057
276,3,-0.4000000000000057
277,3,-0.4000000000000057
278,3,-0.4000000000000057
279,3,-0.4000000000000057
280,3,-0.4000000000000057
281,3,-0.4000000000000057
282,3,-0.4000000000000057
283,3,-0.4000000000000057
284,3,-0.4000000000000057
285,3,-0.4000000000000057
286,3,-0.4000000000000057
287,3,-100.2
288,3,7.382101167315176
289,3,-0.3999999999999986
290,3,3.4910505836575885
291,3,-0.3999999999999986
292,3,-0.3999999999999986
293,3,3.4910505836575894
294,3,-0.3999999999999986
295,3,3.4910505836575876
296,3,-0.40000000000000213
297,3,3.491050583657586
298,3,-0.4000000000000057
299,3,3.4910505836575823
300,3,-0.4000000000000057
301,3,3.4910505836575823
302,3,3.4910505836575823
303,3,3.4910505836575787
304,3,-0.4000000000000057
305,3,3.4910505836575823
306,3,3.4910505836575823
307,3,3.4910505836575823
308,3,3.4910505836575823
309,3,3.4910505836575823
310,3,3.4910505836575823
311,3,3.4910505836575823
312,3,3.4910505836575823
313,3,3.4910505836575823
314,3,-0.4000000000000057
315,3,3.4910505836576107
316,3,-0.39999999999997726
317,3,-0.39999999999997726
318,3,-0.39999999999997726
319,3,-0.39999999999997726
320,3,-0.39999999999997726
321,3,-0.39999999999997726
322,3,-0.3999999999999915
323,3,-0.4000000000000057
324,3,-0.4000000000000057
325,3,-0.4000000000000057
326,3,-0.4000000000000057
327,3,-0.4000000000000057
328,3,-0.4000000000000057
329,3,-0.4000000000000057
330,3,-0.4000000000000057
331,3,-0.4000000000000057
332,3,-0.4000000000000057
333,3,-0.4000000000000057
334,3,-0.4000000000000057
335,3,-0.4000000000000057
336,3,-0.4000000000000057
337,3,-0.4000000000000057
338,3,-0.4000000000000057
339,3,-0.4000000000000057
340,3,-0.4000000000000057
341,3,-0.4000000000000057
342,3,-0.4000000000000057
343,3,-0.4000000000000057
344,3,-0.4000000000000057
345,3,-0.4000000000000057
346,3,-0.4000000000000057
347,3,-0.4000000000000057
348,3,-0.4000000000000057
349,3,-0.4000000000000057
350,3,-0.4000000000000057
351,3,-0.4000000000000057
352,3,-0.4000000000000057
353,3,-0.4000000000000057
354,3,-0.4000000000000057
355,3,-0.4000000000000057
356,3,-0.4000000000000057
357,3,-0.4000000000000057
358,3,-0.4000000000000057
359,3,-0.4000000000000057
360,3,-0.4000000000000057
361,3,-0.4000000000000057
362,3,-0.4000000000000057
363,3,-0.4000000000000057
364,3,-0.4000000000000057
365,3,-0.4000000000000057
366,3,-0.4000000000000057
367,3,-0.4000000000000057
368,3,-0.4000000000000057
369,3,-0.4000000000000057
370,3,-0.4000000000000057
371,3,-0.4000000000000057
372,3,-0.4000000000000057
373,3,-0.4000000000000057
374,3,-0.4000000000000057
375,3,-0.4000000000000057
376,3,-100.1
377,3,5.430903790087465
378,3,-0.3999999999999986
379,3,2.515451895043733
380,3,-0.3999999999999986
381,3,-0.3999999999999986
382,3,2.515451895043733
383,3,-0.3999999999999986
384,3,2.515451895043734
385,3,-0.3999999999999986
386,3,2.515451895043732
387,3,-0.3999999999999986
388,3,2.515451895043732
389,3,-0.3999999999999986
390,3,2.515451895043727
391,3,2.515451895043725
392,3,2.515451895043725
393,3,-0.4000000000000057
394,3,2.515451895043725
395,3,2.515451895043725
396,3,2.515451895043725
397,3,2.515451895043725
398,3,2.515451895043725
399,3,2.515451895043725
400,3,2.515451895043725
401,3,-0.4000000000000057
402,3,5.430903790087456
403,3,2.515451895043725
404,3,-0.4000000000000057
405,3,2.515451895043725
406,3,-0.4000000000000057
407,3,-0.4000000000000057
408,3,-0.4000000000000057
409,3,-0.4000000000000057
410,3,-0.4000000000000057
411,3,-0.4000000000000057
412,3,-0.4000000000000057
413,3,-0.4000000000000057
414,3,-0.4000000000000057
415,3,-0.4000000000000057
416,3,-0.4000000000000057
417,3,-0.4000000000000057
418,3,-0.4000000000000057
419,3,-0.4000000000000057
420,3,-0.4000000000000057
421,3,-0.4000000000000057
422,3,-0.4000000000000057
423,3,-0.4000000000000057
424,3,-0.4000000000000057
425,3,-0.4000000000000057
426,3,-0.4000000000000057
427,3,-0.4000000000000057
428,3,-0.4000000000000057
429,3,-0.4000000000000057
430,3,-0.4000000000000057
431,3,-0.4000000000000057
432,3,-0.4000000000000057
433,3,-0.4000000000000057
434,3,-0.4000000000000057
435,3,-0.4000000000000057
436,3,-0.4000000000000057
437,3,-0.4000000000000057
438,3,-0.4000000000000057
439,3,-0.4000000000000057
440,3,-0.4000000000000057
441,3,-0.4000000000000057
442,3,-0.4000000000000057
443,3,-0.4000000000000057
444,3,-0.4000000000000057
445,3,-0.4000000000000057
446,3,-0.4000000000000057
447,3,-0.4000000000000057
448,3,-0.4000000000000057
449,3,-0.4000000000000057
450,3,-0.4000000000000057
451,3,-0.4000000000000057
452,3,-0.4000000000000057
453,3,-0.4000000000000057
454,3,-0.4000000000000057
455,3,-0.4000000000000057
456,3,-0.4000000000000057
457,3,-0.4000000000000057
458,3,-0.4000000000000057
459,3,-0.4000000000000057
460,3,-0.4000000000000057
461,3,-0.4000000000000057
462,3,-0.4000000000000057
463,3,-0.4000000000000057
464,3,-0.4000000000000057
465,3,-100.2
466,3,7.1757575757575776
467,3,-0.3999999999999986
468,3,3.3878787878787886
469,3,-0.3999999999999986
470,3,-0.3999999999999986
471,3,3.3878787878787904
472,3,-0.3999999999999986
473,3,3.3878787878787886
474,3,-0.3999999999999986
475,3,3.3878787878787886
476,3,-0.4000000000000057
477,3,3.3878787878787833
478,3,-0.4000000000000057
479,3,3.3878787878787833
480,3,3.3878787878787833
481,3,3.3878787878787833
482,3,-0.4000000000000057
483,3,3.3878787878787833
484,3,3.3878787878787833
485,3,3.3878787878787833
486,3,3.3878787878787833
487,3,3.3878787878787833
488,3,3.3878787878787833
489,3,3.3878787878787833
490,3,-0.4000000000000057
491,3,3.3878787878787833
492,3,3.3878787878787833
493,3,3.3878787878788046
494,3,7.175757575757586
495,3,3.3878787878788046
496,3,3.3878787878788046
497,3,3.3878787878788046
498,3,3.3878787878788046
499,3,3.3878787878788046
500,3,3.3878787878788046
501,3,3.3878787878788046
502,3,7.175757575757586
503,3,3.3878787878788046
504,3,3.3878787878788046
505,3,3.3878787878788046
506,3,7.175757575757586
507,3,3.3878787878788046
508,3,3.3878787878788046
509,3,7.175757575757586
510,3,7.175757575757586
511,3,7.175757575757586
512,3,-0.39999999999997726
513,3,3.3878787878788046
514,3,-0.39999999999997726
515,3,-0.39999999999997726
516,3,-0.39999999999997726
517,3,-0.39999999999997726
518,3,-0.39999999999997726
519,3,-0.39999999999997726
520,3,-0.39999999999997726
521,3,-0.39999999999997726
522,3,-0.39999999999997726
523,3,-0.39999999999997726
524,3,-0.39999999999997726
525,3,-0.39999999999997726
526,3,-0.39999999999997726
527,3,-0.39999999999997726
528,3,-0.39999999999997726
529,3,-0.39999999999997726
530,3,-0.39999999999997726
531,3,-100.19999999999999
532,3,5.889308176100631
533,3,-0.3999999999999986
534,3,2.744654088050316
535,3,-0.3999999999999986
536,3,-0.3999999999999986
537,3,2.744654088050316
538,3,-0.3999999999999986
539,3,2.744654088050316
540,3,-0.3999999999999986
541,3,2.744654088050316
542,3,-0.3999999999999986
543,3,2.7446540880503107
544,3,-0.4000000000000057
545,3,2.744654088050307
546,3,2.7446540880503107
547,3,2.7446540880503107
548,3,-0.4000000000000057
549,3,2.7446540880503107
550,3,2.7446540880503107
551,3,2.7446540880503107
552,3,2.7446540880503107
553,3,2.7446540880503107
554,3,2.7446540880503107
555,3,2.7446540880503107
556,3,2.7446540880503107
557,3,2.7446540880503107
558,3,-0.4000000000000057
559,3,2.7446540880503107
560,3,-0.4000000000000057
561,3,-0.4000000000000057
562,3,-0.4000000000000057
563,3,-0.4000000000000057
564,3,-0.4000000000000057
565,3,-0.4000000000000057
566,3,-0.4000000000000057
567,3,-0.4000000000000057
568,3,-0.4000000000000057
569,3,-0.4000000000000057
570,3,-0.4000000000000057
571,3,-0.4000000000000057
572,3,-0.4000000000000057
573,3,-0.4000000000000057
574,3,-0.4000000000000057
575,3,-0.4000000000000057
576,3,-0.4000000000000057
577,3,-0.4000000000000057
578,3,-0.4000000000000057
579,3,-0.4000000000000057
580,3,-0.4000000000000057
581,3,-0.4000000000000057
582,3,-0.4000000000000057
583,3,-0.4000000000000057
584,3,-0.4000000000000057
585,3,-0.4000000000000057
586,3,-0.4000000000000057
587,3,-0.4000000000000057
588,3,-0.4000000000000057
589,3,-0.4000000000000057
590,3,-0.4000000000000057
591,3,-0.4000000000000057
592,3,-0.4000000000000057
593,3,-0.4000000000000057
594,3,-0.4000000000000057
595,3,-0.4000000000000057
596,3,-0.4000000000000057
597,3,-0.4000000000000057
598,3,-0.4000000000000057
599,3,-0.4000000000000057
600,3,-0.4000000000000057
601,3,-0.4000000000000057
602,3,-0.4000000000000057
603,3,-0.4000000000000057
604,3,-0.4000000000000057
605,3,-0.4000000000000057
606,3,-0.4000000000000057
607,3,-0.4000000000000057
608,3,-0.4000000000000057
609,3,-0.4000000000000057
610,3,-0.4000000000000057
611,3,-0.4000000000000057
612,3,-0.4000000000000057
613,3,-0.4000000000000057
614,3,-0.4000000000000057
615,3,-0.4000000000000057
616,3,-0.4000000000000057
617,3,-0.4000000000000057
618,3,-0.4000000000000057
619,3,-0.4000000000000057
620,3,-100
621,3,7.292307692307694
622,3,-0.3999999999999986
623,3,3.4461538461538472
624,3,-0.3999999999999986
625,3,-0.3999999999999986
626,3,3.446153846153848
627,3,-0.3999999999999986
628,3,3.4461538461538463
629,3,-0.3999999999999986
630,3,3.4461538461538446
631,3,-0.4000000000000057
632,3,3.446153846153841
633,3,-0.4000000000000057
634,3,3.446153846153841
635,3,3.446153846153841
636,3,3.446153846153841
637,3,-0.4000000000000057
638,3,3.446153846153841
639,3,3.446153846153841
640,3,3.446153846153841
641,3,3.446153846153841
642,3,3.446153846153841
643,3,3.446153846153841
644,3,3.446153846153841
645,3,-0.4000000000000057
646,3,7.292307692307688
647,3,3.446153846153848
648,3,-0.39999999999997726
649,3,3.4461538461538623
650,3,-0.39999999999997726
651,3,-0.39999999999997726
652,3,-0.39999999999997726
653,3,-0.39999999999997726
654,3,-0.39999999999997726
655,3,-0.39999999999997726
656,3,-0.39999999999997726
657,3,-0.39999999999997726
658,3,-0.39999999999997726
659,3,-0.39999999999997726
660,3,-0.39999999999997726
661,3,-0.39999999999997726
662,3,-0.39999999999998437
663,3,-0.4000000000000057
664,3,-0.4000000000000057
665,3,-0.4000000000000057
666,3,-0.4000000000000057
667,3,-0.4000000000000057
668,3,-0.4000000000000057
669,3,-0.4000000000000057
670,3,-0.4000000000000057
671,3,-0.4000000000000057
672,3,-0.4000000000000057
673,3,-0.4000000000000057
674,3,-0.4000000000000057
675,3,-0.4000000000000057
676,3,-0.4000000000000057
677,3,-0.4000000000000057
678,3,-0.4000000000000057
679,3,-0.4000000000000057
680,3,-0.4000000000000057
681,3,-0.4000000000000057
682,3,-0.4000000000000057
683,3,-0.4000000000000057
684,3,-0.4000000000000057
685,3,-0.4000000000000057
686,3,-0.4000000000000057
687,3,-0.4000000000000057
688,3,-0.4000000000000057
689,3,-0.4000000000000057
690,3,-0.4000000000000057
691,3,-0.4000000000000057
692,3,-0.4000000000000057
693,3,-0.4000000000000057
694,3,-0.4000000000000057
695,3,-0.4000000000000057
696,3,-0.4000000000000057
697,3,-0.4000000000000057
698,3,-0.4000000000000057
699,3,-0.4000000000000057
700,3,-0.4000000000000057
701,3,-0.4000000000000057
702,3,-0.4000000000000057
703,3,-0.4000000000000057
704,3,-0.4000000000000057
705,3,-0.4000000000000057
706,3,-0.4000000000000057
707,3,-0.4000000000000057
708,3,-0.4000000000000057
709,3,-100.1
710,3,5.570149253731345
711,3,-0.3999999999999986
712,3,2.5850746268656737
713,3,-0.3999999999999986
714,3,-0.3999999999999986
715,3,2.585074626865673
716,3,-0.3999999999999986
717,3,2.585074626865673
718,3,-0.3999999999999986
719,3,2.585074626865673
720,3,-0.3999999999999986
721,3,2.5850746268656675
722,3,-0.3999999999999986
723,3,2.5850746268656657
724,3,2.5850746268656657
725,3,2.5850746268656657
726,3,-0.4000000000000057
727,3,2.5850746268656657
728,3,2.5850746268656657
729,3,2.5850746268656657
730,3,2.5850746268656692
731,3,2.5850746268656692
732,3,2.5850746268656692
733,3,2.5850746268656692
734,3,2.5850746268656692
735,3,2.5850746268656692
736,3,-0.4000000000000057
737,3,2.5850746268656692
738,3,-0.4000000000000057
739,3,-0.4000000000000057
740,3,-0.4000000000000057
741,3,-0.4000000000000057
742,3,-0.4000000000000057
743,3,-0.4000000000000057
744,3,-0.4000000000000057
745,3,-0.4000000000000057
746,3,-0.4000000000000057
747,3,-0.4000000000000057
748,3,-0.4000000000000057
749,3,-0.4000000000000057
750,3,-0.4000000000000057
751,3,-0.4000000000000057
752,3,-0.4000000000000057
753,3,-0.4000000000000057
754,3,-0.4000000000000057
755,3,-0.4000000000000057
756,3,-0.4000000000000057
757,3,-0.4000000000000057
758,3,-0.4000000000000057
759,3,-0.4000000000000057
760,3,-0.4000000000000057
761,3,-0.4000000000000057
762,3,-0.4000000000000057
763,3,-0.4000000000000057
764,3,-0.4000000000000057
765,3,-0.4000000000000057
766,3,-0.4000000000000057
767,3,-0.4000000000000057
768,3,-0.4000000000000057
769,3,-0.4000000000000057
770,3,-0.4000000000000057
771,3,-0.4000000000000057
772,3,-0.4000000000000057
773,3,-0.4000000000000057
774,3,-0.4000000000000057
775,3,-0.4000000000000057
776,3,-0.4000000000000057
777,3,-0.4000000000000057
778,3,-0.4000000000000057
779,3,-0.4000000000000057
780,3,-0.4000000000000057
781,3,-0.4000000000000057
782,3,-0.4000000000000057
783,3,-0.4000000000000057
784,3,-0.4000000000000057
785,3,-0.4000000000000057
786,3,-0.4000000000000057
787,3,-0.4000000000000057
788,3,-0.4000000000000057
789,3,-0.4000000000000057
790,3,-0.4000000000000057
791,3,-0.4000000000000057
792,3,-0.4000000000000057
793,3,-0.4000000000000057
794,3,-0.4000000000000057
795,3,-0.4000000000000057
796,3,-0.4000000000000057
797,3,-0.4000000000000057
798,3,-100
799,3,6.952941176470589
800,3,-0.3999999999999986
801,3,3.276470588235296
802,3,-0.3999999999999986
803,3,-0.3999999999999986
804,3,3.276470588235295
805,3,-0.3999999999999986
806,3,3.276470588235295
807,3,-0.3999999999999986
808,3,3.276470588235293
809,3,-0.4000000000000057
810,3,3.276470588235288
811,3,-0.4000000000000057
812,3,3.276470588235288
813,3,3.276470588235288
814,3,3.276470588235288
815,3,-0.4000000000000057
816,3,3.2764705882352914
817,3,3.2764705882352914
818,3,3.2764705882352914
819,3,3.2764705882352914
820,3,3.2764705882352914
821,3,3.2764705882352914
822,3,3.2764705882352914
823,3,3.2764705882352914
824,3,3.2764705882352914
825,3,-0.4000000000000057
826,3,3.2764705882352914
827,3,-0.4000000000000057
828,3,-0.4000000000000057
829,3,-0.4000000000000057
830,3,-0.4000000000000057
831,3,-0.4000000000000057
832,3,-0.4000000000000057
833,3,-0.4000000000000057
834,3,-0.4000000000000057
835,3,-0.4000000000000057
836,3,-0.4000000000000057
837,3,-0.4000000000000057
838,3,-0.4000000000000057
839,3,-0.4000000000000057
840,3,-0.4000000000000057
841,3,-0.4000000000000057
842,3,-0.4000000000000057
843,3,-0.4000000000000057
844,3,-0.4000000000000057
845,3,-0.4000000000000057
846,3,-0.4000000000000057
847,3,-0.4000000000000057
848,3,-0.4000000000000057
849,3,-0.4000000000000057
850,3,-0.4000000000000057
851,3,-0.4000000000000057
852,3,-0.4000000000000057
853,3,-0.4000000000000057
854,3,-0.4000000000000057
855,3,-0.4000000000000057
856,3,-0.4000000000000057
857,3,-0.4000000000000057
858,3,-0.4000000000000057
859,3,-0.4000000000000057
860,3,-0.4000000000000057
861,3,-0.4000000000000057
862,3,-0.4000000000000057
863,3,-0.4000000000000057
864,3,-0.4000000000000057
865,3,-0.4000000000000057
866,3,-0.4000000000000057
867,3,-0.4000000000000057
868,3,-0.4000000000000057
869,3,-0.4000000000000057
870,3,-0.4000000000000057
871,3,-0.4000000000000057
872,3,-0.4000000000000057
873,3,-0.4000000000000057
874,3,-0.4000000000000057
875,3,-0.4000000000000057
876,3,-0.4000000000000057
877,3,-0.4000000000000057
878,3,-0.4000000000000057
879,3,-0.4000000000000057
880,3,-0.4000000000000057
881,3,-0.4000000000000057
882,3,-0.4000000000000057
883,3,-0.4000000000000057
884,3,-0.4000000000000057
885,3,-0.4000000000000057
886,3,-0.4000000000000057
887,3,-100.2
888,3,6.520415224913497
889,3,-0.3999999999999986
890,3,3.0602076124567494
891,3,-0.3999999999999986
892,3,-0.3999999999999986
893,3,3.0602076124567485
894,3,-0.3999999999999986
895,3,3.0602076124567485
896,3,-0.3999999999999986
897,3,3.0602076124567468
898,3,-0.4000000000000057
899,3,3.060207612456743
900,3,-0.4000000000000057
901,3,3.060207612456743
902,3,3.060207612456743
903,3,3.060207612456743
904,3,-0.4000000000000057
905,3,3.060207612456743
906,3,3.0602076124567397
907,3,3.060207612456743
908,3,3.060207612456743
909,3,3.060207612456743
910,3,3.060207612456743
911,3,3.060207612456743
912,3,-0.4000000000000057
913,3,6.520415224913492
914,3,3.060207612456743
915,3,-0.4000000000000057
916,3,3.060207612456743
917,3,-0.4000000000000057
918,3,-0.4000000000000057
919,3,-0.4000000000000057
920,3,-0.4000000000000057
921,3,-0.4000000000000057
922,3,-0.4000000000000057
923,3,-0.4000000000000057
924,3,-0.4000000000000057
925,3,-0.4000000000000057
926,3,-0.4000000000000057
927,3,-0.4000000000000057
928,3,-0.4000000000000057
929,3,-0.4000000000000057
930,3,-0.4000000000000057
931,3,-0.4000000000000057
932,3,-0.4000000000000057
933,3,-0.4000000000000057
934,3,-0.4000000000000057
935,3,-0.4000000000000057
936,3,-0.4000000000000057
937,3,-0.4000000000000057
938,3,-0.4000000000000057
939,3,-0.4000000000000057
940,3,-0.4000000000000057
941,3,-0.4000000000000057
942,3,-0.4000000000000057
943,3,-0.4000000000000057
944,3,-0.4000000000000057
945,3,-0.4000000000000057
946,3,-0.4000000000000057
947,3,-0.4000000000000057
948,3,-0.4000000000000057
949,3,-0.4000000000000057
950,3,-0.4000000000000057
951,3,-0.4000000000000057
952,3,-0.4000000000000057
953,3,-0.4000000000000057
954,3,-0.4000000000000057
955,3,-0.4000000000000057
956,3,-0.4000000000000057
957,3,-0.4000000000000057
958,3,-0.4000000000000057
959,3,-0.4000000000000057
960,3,-0.4000000000000057
961,3,-0.4000000000000057
962,3,-0.4000000000000057
963,3,-0.4000000000000057
964,3,-0.4000000000000057
965,3,-0.4000000000000057
966,3,-0.4000000000000057
967,3,-0.4000000000000057
968,3,-0.4000000000000057
969,3,-0.4000000000000057
970,3,-0.4000000000000057
971,3,-0.4000000000000057
972,3,-0.4000000000000057
973,3,-0.4000000000000057
974,3,-0.4000000000000057
975,3,-0.4000000000000057
976,3,-100.30000000000001
977,3,6.899270072992702
978,3,-0.3999999999999986
979,3,3.2496350364963513
980,3,-0.3999999999999986
981,3,-0.3999999999999986
982,3,3.249635036496352
983,3,-0.3999999999999986
984,3,3.249635036496352
985,3,-0.3999999999999986
986,3,3.2496350364963504
987,3,-0.4000000000000057
988,3,3.2496350364963433
989,3,-0.4000000000000057
990,3,3.2496350364963433
991,3,3.2496350364963433
992,3,3.2496350364963433
993,3,-0.4000000000000057
994,3,3.2496350364963433
995,3,3.2496350364963433
996,3,3.2496350364963433
997,3,3.2496350364963433
998,3,3.2496350364963433
999,3,3.2496350364963433
1000,3,3.2496350364963433
1001,3,-0.4000000000000057
1002,3,6.899270072992692
1003,3,3.2496350364963433
1004,3,-0.4000000000000057
1005,3,3.249635036496379
1006,3,-0.39999999999997726
1007,3,-0.39999999999997726
1008,3,-0.3999999999999915
1009,3,-0.4000000000000057
1010,3,-0.4000000000000057
1011,3,-0.4000000000000057
1012,3,-0.4000000000000057
1013,3,-0.4000000000000057
1014,3,-0.4000000000000057
1015,3,-0.4000000000000057
1016,3,-0.4000000000000057
1017,3,-0.4000000000000057
1018,3,-0.4000000000000057
1019,3,-0.4000000000000057
1020,3,-0.4000000000000057
