0,4,6.114657980456028
1,2,-0.3999999999999986
2,4,-0.3999999999999986
3,4,-0.3999999999999986
4,4,-0.3999999999999986
5,4,-0.3999999999999986
6,4,-0.3999999999999999
7,4,-0.40000000000000036
8,4,-0.40000000000000036
9,4,-0.40000000000000036
10,4,-0.40000000000000036
11,4,-0.40000000000000036
12,4,-0.40000000000000036
13,4,-0.40000000000000024
14,4,-0.3999999999999999
15,4,-0.3999999999999999
16,4,-0.4
17,4,-0.39999999999999997
18,4,-0.4
19,4,-0.40000000000000036
20,4,-0.40000000000000036
21,4,-0.40000000000000013
22,4,-0.40000000000000036
23,4,-0.40000000000000036
24,4,-0.40000000000000036
25,4,-0.40000000000000036
26,4,-0.39999999999999947
27,4,-0.3999999999999986
28,4,-0.3999999999999986
29,4,-0.3999999999999986
30,4,-0.3999999999999986
31,4,-0.3999999999999986
32,4,-0.3999999999999986
33,4,-0.3999999999999986
34,4,-0.3999999999999986
35,4,-0.3999999999999986
36,4,-0.39999999999999947
37,4,-0.3999999999999986
38,4,-0.3999999999999986
39,4,-0.3999999999999986
40,4,-0.3999999999999986
41,4,-0.3999999999999986
42,4,-0.3999999999999986
43,4,-0.3999999999999986
44,4,-0.3999999999999986
45,4,-0.3999999999999986
46,4,-0.3999999999999986
47,4,-0.3999999999999986
48,4,-0.3999999999999986
49,4,-0.3999999999999986
50,4,-0.3999999999999986
51,4,-0.3999999999999986
52,4,-0.3999999999999986
53,4,-0.3999999999999986
54,4,-0.3999999999999986
55,4,-0.3999999999999986
56,4,-0.4000000000000039
57,4,-0.4000000000000057
58,4,-0.4000000000000057
59,4,-0.4000000000000057
60,4,-0.4000000000000057
61,4,-0.4000000000000057
62,4,-0.4000000000000057
63,4,-0.4000000000000057
64,4,-0.4000000000000057
65,4,-0.4000000000000057
66,4,-0.4000000000000057
67,4,-0.4000000000000057
68,4,-0.4000000000000057
69,4,-0.4000000000000057
70,4,-0.4000000000000057
71,4,-0.4000000000000057
72,4,-0.4000000000000057
73,4,-0.4000000000000057
74,4,-0.4000000000000057
75,4,-0.4000000000000057
76,4,-0.4000000000000057
77,4,-0.4000000000000057
78,4,-0.4000000000000057
79,4,-0.4000000000000057
80,4,-0.4000000000000057
81,4,-0.4000000000000057
82,4,-0.4000000000000057
83,4,-0.4000000000000057
84,4,-0.4000000000000057
85,4,-0.4000000000000057
86,4,-0.4000000000000057
87,4,-0.4000000000000057
88,4,-0.4000000000000057
89,4,-0.4000000000000057
90,4,-0.4000000000000057
91,4,-0.4000000000000057
92,4,-0.4000000000000057
93,4,-0.4000000000000057
94,4,-0.4000000000000057
95,4,-0.4000000000000057
96,4,-0.4000000000000057
97,4,-0.4000000000000057
98,4,-0.4000000000000057
99,4,-0.4000000000000057
100,4,-0.4000000000000057
101,4,-0.4000000000000057
102,4,-0.4000000000000057
103,4,-0.4000000000000057
104,4,-0.4000000000000057
105,4,-0.4000000000000057
106,4,-0.4000000000000057
107,4,-0.4000000000000057
108,4,-0.4000000000000057
109,4,-0.4000000000000057
110,4,-0.4000000000000057
111,4,-0.4000000000000057
112,4,-0.4000000000000057
113,4,-0.4000000000000057
114,4,-0.4000000000000057
115,4,-0.4000000000000057
116,4,-0.4000000000000057
117,4,-0.4000000000000057
118,4,-0.4000000000000057
119,4,-0.4000000000000057
120,4,-0.4000000000000057
121,4,-0.4000000000000057
122,4,-0.4000000000000057
123,4,-0.4000000000000057
124,4,-0.4000000000000057
125,4,-0.4000000000000057
126,4,-0.4000000000000057
127,4,-0.4000000000000057
128,4,-0.4000000000000057
129,4,-0.4000000000000057
130,4,-0.4000000000000057
131,4,-0.4000000000000057
132,4,-0.4000000000000057
133,4,-0.4000000000000057
134,4,-0.4000000000000057
135,4,-0.4000000000000057
136,4,-0.4000000000000057
137,4,-0.4000000000000057
138,4,-0.4000000000000057
139,4,-0.4000000000000057
140,4,-0.4000000000000057
141,4,-0.4000000000000057
142,4,-0.4000000000000057
143,4,-0.4000000000000057
144,4,-0.4000000000000057
145,4,-0.4000000000000057
146,4,-0.4000000000000057
147,4,-0.4000000000000057
148,4,-0.4000000000000057
149,4,-0.4000000000000057
150,4,-0.4000000000000057
151,4,-0.4000000000000057
152,4,-0.4000000000000057
153,4,-0.4000000000000057
154,4,-0.4000000000000057
155,4,-0.4000000000000057
156,4,-0.4000000000000057
157,4,-0.4000000000000057
158,4,-0.4000000000000057
159,4,-0.4000000000000057
160,4,-0.4000000000000057
161,4,-0.4000000000000057
162,4,-0.4000000000000057
163,4,-0.4000000000000057
164,4,-0.4000000000000057
165,4,-0.4000000000000057
166,4,-0.4000000000000057
167,4,-0.4000000000000057
168,4,-0.4000000000000057
169,4,-0.4000000000000057
170,4,-0.4000000000000057
171,4,-0.4000000000000057
172,4,-0.4000000000000057
173,4,-0.4000000000000057
174,4,-0.4000000000000057
175,4,-0.4000000000000057
176,4,-0.3999999999999915
177,4,-0.39999999999997726
178,4,-0.39999999999997726
179,4,-0.39999999999997726
180,4,-0.39999999999997726
181,4,-0.39999999999997726
182,4,-0.39999999999997726
183,4,-0.39999999999997726
184,4,-0.39999999999997726
185,4,-0.39999999999997726
186,4,-0.39999999999997726
187,4,-0.39999999999997726
188,4,-0.39999999999997726
189,4,-0.39999999999997726
190,4,-0.39999999999997726
191,4,-0.39999999999997726
192,4,-0.39999999999997726
193,4,-0.39999999999997726
194,4,-0.39999999999997726
195,4,-0.39999999999997726
196,4,-0.39999999999997726
197,4,-0.39999999999997726
198,4,-0.39999999999997726
199,4,-0.39999999999997726
200,4,-0.39999999999997726
201,4,-0.39999999999997726
202,4,-0.39999999999997726
203,4,-0.39999999999997726
204,4,-0.39999999999997726
205,4,-0.39999999999997726
206,4,-0.39999999999997726
207,4,-0.39999999999997726
208,4,-0.39999999999997726
209,4,-0.39999999999997726
210,4,-0.39999999999997726
211,4,-0.39999999999997726
212,4,-0.39999999999997726
213,4,-0.39999999999997726
214,4,-0.39999999999997726
215,4,-0.39999999999997726
216,4,-0.39999999999997726
217,4,-0.39999999999997726
218,4,-0.39999999999997726
219,4,-0.39999999999997726
220,4,-0.39999999999997726
221,4,-0.39999999999997726
222,4,-0.39999999999997726
223,4,-0.39999999999997726
224,4,-0.39999999999997726
225,4,-0.39999999999997726
226,4,-0.39999999999997726
227,4,-0.39999999999997726
228,4,-0.39999999999997726
229,4,-0.39999999999997726
230,4,-0.39999999999997726
231,4,-0.39999999999997726
232,4,-0.39999999999997726
233,4,-0.39999999999997726
234,4,-0.39999999999997726
235,4,-0.39999999999997726
236,4,-0.39999999999997726
237,4,-0.39999999999997726
238,4,-0.39999999999997726
239,4,-0.39999999999997726
240,4,-0.39999999999997726
241,4,-0.39999999999997726
242,4,-0.39999999999997726
243,4,-0.39999999999997726
244,4,-0.39999999999997726
245,4,-0.39999999999997726
246,4,-0.39999999999997726
247,4,-0.39999999999997726
248,4,-0.39999999999997726
249,4,-0.39999999999997726
250,4,6.379661016949154
251,4,-0.3999999999999986
252,4,-0.3999999999999986
253,4,-0.3999999999999986
254,4,-0.3999999999999986
255,4,-0.3999999999999986
256,4,-0.399999999999999
257,4,-0.40000000000000036
258,4,-0.40000000000000036
259,4,-0.40000000000000036
260,4,-0.40000000000000036
261,4,-0.40000000000000036
262,4,-0.40000000000000036
263,4,-0.40000000000000036
264,4,-0.4
265,4,-0.3999999999999999
266,4,-0.4
267,4,-0.4000000000000001
268,4,-0.3999999999999999
269,4,-0.40000000000000024
270,4,-0.40000000000000036
271,4,-0.40000000000000013
272,4,-0.40000000000000036
273,4,-0.40000000000000036
274,4,-0.40000000000000036
275,4,-0.40000000000000036
276,4,-0.40000000000000036
277,4,-0.3999999999999986
278,4,-0.3999999999999986
279,4,-0.3999999999999986
280,4,-0.3999999999999986
281,4,-0.3999999999999986
282,4,-0.3999999999999986
283,4,-0.3999999999999986
284,4,-0.3999999999999986
285,4,-0.3999999999999986
286,4,-0.3999999999999986
287,4,-0.3999999999999986
288,4,-0.3999999999999986
289,4,-0.3999999999999986
290,4,-0.3999999999999986
291,4,-0.3999999999999986
292,4,-0.3999999999999986
293,4,-0.3999999999999986
294,4,-0.3999999999999986
295,4,-0.3999999999999986
296,4,-0.3999999999999986
297,4,-0.3999999999999986
298,4,-0.3999999999999986
299,4,-0.3999999999999986
300,4,-0.3999999999999986
301,4,-0.3999999999999986
302,4,-0.3999999999999986
303,4,-0.3999999999999986
304,4,-0.3999999999999986
305,4,-0.3999999999999986
306,4,-0.40000000000000036
307,4,-0.4000000000000057
308,4,-0.4000000000000057
309,4,-0.4000000000000057
310,4,-0.4000000000000057
311,4,-0.4000000000000057
312,4,-0.4000000000000057
313,4,-0.4000000000000057
314,4,-0.4000000000000057
315,4,-0.4000000000000057
316,4,-0.4000000000000057
317,4,-0.4000000000000057
318,4,-0.4000000000000057
319,4,-0.4000000000000057
320,4,-0.4000000000000057
321,4,-0.4000000000000057
322,4,-0.4000000000000057
323,4,-0.4000000000000057
324,4,-0.4000000000000057
325,4,-0.4000000000000057
326,4,-0.4000000000000057
327,4,-0.4000000000000057
328,4,-0.4000000000000057
329,4,-0.4000000000000057
330,4,-0.4000000000000057
331,4,-0.4000000000000057
332,4,-0.4000000000000057
333,4,-0.4000000000000057
334,4,-0.4000000000000057
335,4,-0.4000000000000057
336,4,-0.4000000000000057
337,4,-0.4000000000000057
338,4,-0.4000000000000057
339,4,-0.4000000000000057
340,4,-0.4000000000000057
341,4,-0.4000000000000057
342,4,-0.4000000000000057
343,4,-0.4000000000000057
344,4,-0.4000000000000057
345,4,-0.4000000000000057
346,4,-0.40000000000000213
347,4,-0.4000000000000057
348,4,-0.4000000000000057
349,4,-0.4000000000000057
350,4,-0.4000000000000057
351,4,-0.4000000000000057
352,4,-0.4000000000000057
353,4,-0.4000000000000057
354,4,-0.4000000000000057
355,4,-0.4000000000000057
356,4,-0.4000000000000057
357,4,-0.4000000000000057
358,4,-0.4000000000000057
359,4,-0.4000000000000057
360,4,-0.4000000000000057
361,4,-0.4000000000000057
362,4,-0.4000000000000057
363,4,-0.4000000000000057
364,4,-0.4000000000000057
365,4,-0.4000000000000057
366,4,-0.4000000000000057
367,4,-0.4000000000000057
368,4,-0.4000000000000057
369,4,-0.4000000000000057
370,4,-0.4000000000000057
371,4,-0.4000000000000057
372,4,-0.4000000000000057
373,4,-0.4000000000000057
374,4,-0.4000000000000057
375,4,-0.4000000000000057
376,4,-0.4000000000000057
377,4,-0.4000000000000057
378,4,-0.4000000000000057
379,4,-0.4000000000000057
380,4,-0.4000000000000057
381,4,-0.4000000000000057
382,4,-0.4000000000000057
383,4,-0.4000000000000057
384,4,-0.4000000000000057
385,4,-0.4000000000000057
386,4,-0.4000000000000057
387,4,-0.4000000000000057
388,4,-0.4000000000000057
389,4,-0.4000000000000057
390,4,-0.4000000000000057
391,4,-0.4000000000000057
392,4,-0.4000000000000057
393,4,-0.4000000000000057
394,4,-0.4000000000000057
395,4,-0.4000000000000057
396,4,-0.4000000000000057
397,4,-0.4000000000000057
398,4,-0.4000000000000057
399,4,-0.4000000000000057
400,4,-0.4000000000000057
401,4,-0.4000000000000057
402,4,-0.4000000000000057
403,4,-0.4000000000000057
404,4,-0.4000000000000057
405,4,-0.4000000000000057
406,4,-0.4000000000000057
407,4,-0.4000000000000057
408,4,-0.4000000000000057
409,4,-0.4000000000000057
410,4,-0.4000000000000057
411,4,-0.4000000000000057
412,4,-0.4000000000000057
413,4,-0.4000000000000057
414,4,-0.4000000000000057
415,4,-0.4000000000000057
416,4,-0.4000000000000057
417,4,-0.4000000000000057
418,4,-0.4000000000000057
419,4,-0.4000000000000057
420,4,-0.4000000000000057
421,4,-0.4000000000000057
422,4,-0.4000000000000057
423,4,-0.4000000000000057
424,4,-0.4000000000000057
425,4,-0.4000000000000057
426,4,-0.3999999999999986
427,4,-0.39999999999997726
428,4,-0.39999999999997726
429,4,-0.39999999999997726
430,4,-0.39999999999997726
431,4,-0.39999999999997726
432,4,-0.39999999999997726
433,4,-0.39999999999997726
434,4,-0.39999999999997726
435,4,-0.39999999999997726
436,4,-0.39999999999997726
437,4,-0.39999999999997726
438,4,-0.39999999999997726
439,4,-0.39999999999997726
440,4,-0.39999999999997726
441,4,-0.39999999999997726
442,4,-0.39999999999997726
443,4,-0.39999999999997726
444,4,-0.39999999999997726
445,4,-0.39999999999997726
446,4,-0.39999999999997726
447,4,-0.39999999999997726
448,4,-0.39999999999997726
449,4,-0.39999999999997726
450,4,-0.39999999999997726
451,4,-0.39999999999997726
452,4,-0.39999999999997726
453,4,-0.39999999999997726
454,4,-0.39999999999997726
455,4,-0.39999999999997726
456,4,-0.39999999999997726
457,4,-0.39999999999997726
458,4,-0.39999999999997726
459,4,-0.39999999999997726
460,4,-0.39999999999997726
461,4,-0.39999999999997726
462,4,-0.39999999999997726
463,4,-0.39999999999997726
464,4,-0.39999999999997726
465,4,-0.39999999999997726
466,4,-0.39999999999997726
467,4,-0.39999999999997726
468,4,-0.39999999999997726
469,4,-0.39999999999997726
470,4,-0.39999999999997726
471,4,-0.39999999999997726
472,4,-0.39999999999997726
473,4,-0.39999999999997726
474,4,-0.39999999999997726
475,4,-0.39999999999997726
476,4,-0.39999999999997726
477,4,-0.39999999999997726
478,4,-0.39999999999997726
479,4,-0.39999999999997726
480,4,-0.39999999999997726
481,4,-0.39999999999997726
482,4,-0.39999999999997726
483,4,-0.39999999999997726
484,4,-0.39999999999997726
485,4,-0.39999999999997726
486,4,-0.39999999999997726
487,4,-0.39999999999997726
488,4,-0.39999999999997726
489,4,-0.39999999999997726
490,4,-0.39999999999997726
491,4,-0.39999999999997726
492,4,-0.39999999999997726
493,4,-0.39999999999997726
494,4,-0.39999999999997726
495,4,-0.39999999999997726
496,4,-0.39999999999997726
497,4,-0.39999999999997726
498,4,-0.39999999999997726
499,4,-0.39999999999997726
500,4,6.617543859649124
501,4,-0.3999999999999986
502,4,-0.3999999999999986
503,4,-0.3999999999999986
504,4,-0.3999999999999986
505,4,-0.3999999999999986
506,4,-0.3999999999999986
507,4,-0.39999999999999947
508,4,-0.40000000000000036
509,4,-0.40000000000000036
510,4,-0.40000000000000036
511,4,-0.40000000000000036
512,4,-0.40000000000000036
513,4,-0.40000000000000036
514,4,-0.40000000000000036
515,4,-0.3999999999999999
516,4,-0.3999999999999999
517,4,-0.4
518,4,-0.4
519,4,-0.3999999999999999
520,4,-0.40000000000000036
521,4,-0.40000000000000036
522,4,-0.40000000000000013
523,4,-0.40000000000000036
524,4,-0.40000000000000036
525,4,-0.40000000000000036
526,4,-0.40000000000000036
527,4,-0.3999999999999999
528,4,-0.3999999999999986
529,4,-0.3999999999999986
530,4,-0.3999999999999986
531,4,-0.3999999999999986
532,4,-0.3999999999999986
533,4,-0.3999999999999986
534,4,-0.3999999999999986
535,4,-0.3999999999999986
536,4,-0.3999999999999986
537,4,-0.39999999999999947
538,4,-0.3999999999999986
539,4,-0.3999999999999986
540,4,-0.3999999999999986
541,4,-0.3999999999999986
542,4,-0.3999999999999986
543,4,-0.3999999999999986
544,4,-0.3999999999999986
545,4,-0.3999999999999986
546,4,-0.3999999999999986
547,4,-0.3999999999999986
548,4,-0.3999999999999986
549,4,-0.3999999999999986
550,4,-0.3999999999999986
551,4,-0.3999999999999986
552,4,-0.3999999999999986
553,4,-0.3999999999999986
554,4,-0.3999999999999986
555,4,-0.3999999999999986
556,4,-0.3999999999999986
557,4,-0.40000000000000213
558,4,-0.4000000000000057
559,4,-0.4000000000000057
560,4,-0.4000000000000057
561,4,-0.4000000000000057
562,4,-0.4000000000000057
563,4,-0.4000000000000057
564,4,-0.4000000000000057
565,4,-0.4000000000000057
566,4,-0.4000000000000057
567,4,-0.4000000000000057
568,4,-0.4000000000000057
569,4,-0.4000000000000057
570,4,-0.4000000000000057
571,4,-0.4000000000000057
572,4,-0.4000000000000057
573,4,-0.4000000000000057
574,4,-0.4000000000000057
575,4,-0.4000000000000057
576,4,-0.4000000000000057
577,4,-0.4000000000000057
578,4,-0.4000000000000057
579,4,-0.4000000000000057
580,4,-0.4000000000000057
581,4,-0.4000000000000057
582,4,-0.4000000000000057
583,4,-0.4000000000000057
584,4,-0.4000000000000057
585,4,-0.4000000000000057
586,4,-0.4000000000000057
587,4,-0.4000000000000057
588,4,-0.4000000000000057
589,4,-0.4000000000000057
590,4,-0.4000000000000057
591,4,-0.4000000000000057
592,4,-0.4000000000000057
593,4,-0.4000000000000057
594,4,-0.4000000000000057
595,4,-0.4000000000000057
596,4,-0.4000000000000057
597,4,-0.40000000000000213
598,4,-0.4000000000000057
599,4,-0.4000000000000057
600,4,-0.4000000000000057
601,4,-0.4000000000000057
602,4,-0.4000000000000057
603,4,-0.4000000000000057
604,4,-0.4000000000000057
605,4,-0.4000000000000057
606,4,-0.4000000000000057
607,4,-0.4000000000000057
608,4,-0.4000000000000057
609,4,-0.4000000000000057
610,4,-0.4000000000000057
611,4,-0.4000000000000057
612,4,-0.4000000000000057
613,4,-0.4000000000000057
614,4,-0.4000000000000057
615,4,-0.4000000000000057
616,4,-0.4000000000000057
617,4,-0.4000000000000057
618,4,-0.4000000000000057
619,4,-0.4000000000000057
620,4,-0.4000000000000057
621,4,-0.4000000000000057
622,4,-0.4000000000000057
623,4,-0.4000000000000057
624,4,-0.4000000000000057
625,4,-0.4000000000000057
626,4,-0.4000000000000057
627,4,-0.4000000000000057
628,4,-0.4000000000000057
629,4,-0.4000000000000057
630,4,-0.4000000000000057
631,4,-0.4000000000000057
632,4,-0.4000000000000057
633,4,-0.4000000000000057
634,4,-0.4000000000000057
635,4,-0.4000000000000057
636,4,-0.4000000000000057
637,4,-0.4000000000000057
638,4,-0.4000000000000057
639,4,-0.4000000000000057
640,4,-0.4000000000000057
641,4,-0.4000000000000057
642,4,-0.4000000000000057
643,4,-0.4000000000000057
644,4,-0.4000000000000057
645,4,-0.4000000000000057
646,4,-0.4000000000000057
647,4,-0.4000000000000057
648,4,-0.4000000000000057
649,4,-0.4000000000000057
650,4,-0.4000000000000057
651,4,-0.4000000000000057
652,4,-0.4000000000000057
653,4,-0.4000000000000057
654,4,-0.4000000000000057
655,4,-0.4000000000000057
656,4,-0.4000000000000057
657,4,-0.4000000000000057
658,4,-0.4000000000000057
659,4,-0.4000000000000057
660,4,-0.4000000000000057
661,4,-0.4000000000000057
662,4,-0.4000000000000057
663,4,-0.4000000000000057
664,4,-0.4000000000000057
665,4,-0.4000000000000057
666,4,-0.4000000000000057
667,4,-0.4000000000000057
668,4,-0.4000000000000057
669,4,-0.4000000000000057
670,4,-0.4000000000000057
671,4,-0.4000000000000057
672,4,-0.4000000000000057
673,4,-0.4000000000000057
674,4,-0.4000000000000057
675,4,-0.4000000000000057
676,4,-0.4000000000000057
677,4,-0.3999999999999986
678,4,-0.39999999999997726
679,4,-0.39999999999997726
680,4,-0.39999999999997726
681,4,-0.39999999999997726
682,4,-0.39999999999997726
683,4,-0.39999999999997726
684,4,-0.39999999999997726
685,4,-0.39999999999997726
686,4,-0.39999999999997726
687,4,-0.39999999999997726
688,4,-0.39999999999997726
689,4,-0.39999999999997726
690,4,-0.39999999999997726
691,4,-0.39999999999997726
692,4,-0.39999999999997726
693,4,-0.39999999999997726
694,4,-0.39999999999997726
695,4,-0.39999999999997726
696,4,-0.39999999999997726
697,4,-0.39999999999997726
698,4,-0.39999999999997726
699,4,-0.39999999999997726
700,4,-0.39999999999997726
701,4,-0.39999999999997726
702,4,-0.39999999999997726
703,4,-0.39999999999997726
704,4,-0.39999999999997726
705,4,-0.39999999999997726
706,4,-0.39999999999997726
707,4,-0.39999999999997726
708,4,-0.39999999999997726
709,4,-0.39999999999997726
710,4,-0.39999999999997726
711,4,-0.39999999999997726
712,4,-0.39999999999997726
713,4,-0.39999999999997726
714,4,-0.39999999999997726
715,4,-0.39999999999997726
716,4,-0.39999999999997726
717,4,-0.39999999999997726
718,4,-0.39999999999997726
719,4,-0.39999999999997726
720,4,-0.39999999999997726
721,4,-0.39999999999997726
722,4,-0.39999999999997726
723,4,-0.39999999999997726
724,4,-0.39999999999997726
725,4,-0.39999999999997726
726,4,-0.39999999999997726
727,4,-0.39999999999997726
728,4,-0.39999999999997726
729,4,-0.39999999999997726
730,4,-0.39999999999997726
731,4,-0.39999999999997726
732,4,-0.39999999999997726
733,4,-0.39999999999997726
734,4,-0.39999999999997726
735,4,-0.39999999999997726
736,4,-0.39999999999997726
737,4,-0.39999999999997726
738,4,-0.39999999999997726
739,4,-0.39999999999997726
740,4,-0.39999999999997726
741,4,-0.39999999999997726
742,4,-0.39999999999997726
743,4,-0.39999999999997726
744,4,-0.39999999999997726
745,4,-0.39999999999997726
746,4,-0.39999999999997726
747,4,-0.39999999999997726
748,4,-0.39999999999997726
749,4,-0.39999999999997726
750,4,8.038818565400845
751,4,-0.3999999999999986
752,4,-0.3999999999999986
753,4,-0.3999999999999986
754,4,-0.3999999999999986
755,4,-0.3999999999999986
756,4,-0.3999999999999986
757,4,-0.3999999999999986
758,4,-0.3999999999999986
759,4,-0.3999999999999986
760,4,-0.3999999999999986
761,4,-0.40000000000000036
762,4,-0.40000000000000036
763,4,-0.40000000000000036
764,4,-0.40000000000000036
765,4,-0.40000000000000036
766,4,-0.40000000000000036
767,4,-0.40000000000000036
768,4,-0.40000000000000013
769,4,-0.3999999999999999
770,4,-0.4
771,4,-0.4000000000000001
772,4,-0.3999999999999999
773,4,-0.40000000000000013
774,4,-0.40000000000000036
775,4,-0.40000000000000036
776,4,-0.40000000000000013
777,4,-0.40000000000000036
778,4,-0.40000000000000036
779,4,-0.40000000000000036
780,4,-0.40000000000000036
781,4,-0.399999999999999
782,4,-0.3999999999999986
783,4,-0.3999999999999986
784,4,-0.3999999999999986
785,4,-0.3999999999999986
786,4,-0.3999999999999986
787,4,-0.3999999999999986
788,4,-0.3999999999999986
789,4,-0.3999999999999986
790,4,-0.3999999999999986
791,4,-0.3999999999999986
792,4,-0.3999999999999986
793,4,-0.3999999999999986
794,4,-0.3999999999999986
795,4,-0.3999999999999986
796,4,-0.3999999999999986
797,4,-0.3999999999999986
798,4,-0.3999999999999986
799,4,-0.3999999999999986
800,4,-0.3999999999999986
801,4,-0.3999999999999986
802,4,-0.3999999999999986
803,4,-0.3999999999999986
804,4,-0.3999999999999986
805,4,-0.3999999999999986
806,4,-0.3999999999999986
807,4,-0.3999999999999986
808,4,-0.3999999999999986
809,4,-0.3999999999999986
810,4,-0.3999999999999986
811,4,-0.4000000000000039
812,4,-0.4000000000000057
813,4,-0.4000000000000057
814,4,-0.4000000000000057
815,4,-0.4000000000000057
816,4,-0.4000000000000057
817,4,-0.4000000000000057
818,4,-0.4000000000000057
819,4,-0.4000000000000057
820,4,-0.4000000000000057
821,4,-0.4000000000000057
822,4,-0.4000000000000057
823,4,-0.4000000000000057
824,4,-0.4000000000000057
825,4,-0.4000000000000057
826,4,-0.4000000000000057
827,4,-0.4000000000000057
828,4,-0.4000000000000057
829,4,-0.4000000000000057
830,4,-0.4000000000000057
831,4,-0.4000000000000057
832,4,-0.4000000000000057
833,4,-0.4000000000000057
834,4,-0.4000000000000057
835,4,-0.4000000000000057
836,4,-0.4000000000000057
837,4,-0.4000000000000057
838,4,-0.4000000000000057
839,4,-0.4000000000000057
840,4,-0.4000000000000057
841,4,-0.4000000000000057
842,4,-0.4000000000000057
843,4,-0.4000000000000057
844,4,-0.4000000000000057
845,4,-0.4000000000000057
846,4,-0.4000000000000057
847,4,-0.4000000000000057
848,4,-0.4000000000000057
849,4,-0.4000000000000057
850,4,-0.4000000000000057
851,4,-0.40000000000000213
852,4,-0.4000000000000057
853,4,-0.4000000000000057
854,4,-0.4000000000000057
855,4,-0.4000000000000057
856,4,-0.4000000000000057
857,4,-0.4000000000000057
858,4,-0.4000000000000057
859,4,-0.4000000000000057
860,4,-0.4000000000000057
861,4,-0.4000000000000057
862,4,-0.4000000000000057
863,4,-0.4000000000000057
864,4,-0.4000000000000057
865,4,-0.4000000000000057
866,4,-0.4000000000000057
867,4,-0.4000000000000057
868,4,-0.4000000000000057
869,4,-0.4000000000000057
870,4,-0.4000000000000057
871,4,-0.4000000000000057
872,4,-0.4000000000000057
873,4,-0.4000000000000057
874,4,-0.4000000000000057
875,4,-0.4000000000000057
876,4,-0.4000000000000057
877,4,-0.4000000000000057
878,4,-0.4000000000000057
879,4,-0.4000000000000057
880,4,-0.4000000000000057
881,4,-0.4000000000000057
882,4,-0.4000000000000057
883,4,-0.4000000000000057
884,4,-0.4000000000000057
885,4,-0.4000000000000057
886,4,-0.4000000000000057
887,4,-0.4000000000000057
888,4,-0.4000000000000057
889,4,-0.4000000000000057
890,4,-0.4000000000000057
891,4,-0.4000000000000057
892,4,-0.4000000000000057
893,4,-0.4000000000000057
894,4,-0.4000000000000057
895,4,-0.4000000000000057
896,4,-0.4000000000000057
897,4,-0.4000000000000057
898,4,-0.4000000000000057
899,4,-0.4000000000000057
900,4,-0.4000000000000057
901,4,-0.4000000000000057
902,4,-0.4000000000000057
903,4,-0.4000000000000057
904,4,-0.4000000000000057
905,4,-0.4000000000000057
906,4,-0.4000000000000057
907,4,-0.4000000000000057
908,4,-0.4000000000000057
909,4,-0.4000000000000057
910,4,-0.4000000000000057
911,4,-0.4000000000000057
912,4,-0.4000000000000057
913,4,-0.4000000000000057
914,4,-0.4000000000000057
915,4,-0.4000000000000057
916,4,-0.4000000000000057
917,4,-0.4000000000000057
918,4,-0.4000000000000057
919,4,-0.4000000000000057
920,4,-0.4000000000000057
921,4,-0.4000000000000057
922,4,-0.4000000000000057
923,4,-0.4000000000000057
924,4,-0.4000000000000057
925,4,-0.4000000000000057
926,4,-0.4000000000000057
927,4,-0.4000000000000057
928,4,-0.4000000000000057
929,4,-0.4000000000000057
930,4,-0.4000000000000057
931,4,-0.39999999999997726
932,4,-0.39999999999997726
933,4,-0.39999999999997726
934,4,-0.39999999999997726
935,4,-0.39999999999997726
936,4,-0.39999999999997726
937,4,-0.39999999999997726
938,4,-0.39999999999997726
939,4,-0.39999999999997726
940,4,-0.39999999999997726
941,4,-0.39999999999997726
942,4,-0.39999999999997726
943,4,-0.39999999999997726
944,4,-0.39999999999997726
945,4,-0.39999999999997726
946,4,-0.39999999999997726
947,4,-0.39999999999997726
948,4,-0.39999999999997726
949,4,-0.39999999999997726
950,4,-0.39999999999997726
951,4,-0.39999999999997726
952,4,-0.39999999999997726
953,4,-0.39999999999997726
954,4,-0.39999999999997726
955,4,-0.39999999999997726
956,4,-0.39999999999997726
957,4,-0.39999999999997726
958,4,-0.39999999999997726
959,4,-0.39999999999997726
960,4,-0.39999999999997726
961,4,-0.39999999999997726
962,4,-0.39999999999997726
963,4,-0.39999999999997726
964,4,-0.39999999999997726
965,4,-0.39999999999997726
966,4,-0.39999999999997726
967,4,-0.39999999999997726
968,4,-0.39999999999997726
969,4,-0.39999999999997726
970,4,-0.39999999999997726
971,4,-0.39999999999997726
972,4,-0.39999999999997726
973,4,-0.39999999999997726
974,4,-0.39999999999997726
975,4,-0.39999999999997726
976,4,-0.39999999999997726
977,4,-0.39999999999997726
978,4,-0.39999999999997726
979,4,-0.39999999999997726
980,4,-0.39999999999997726
981,4,-0.39999999999997726
982,4,-0.39999999999997726
983,4,-0.39999999999997726
984,4,-0.39999999999997726
985,4,-0.39999999999997726
986,4,-0.39999999999997726
987,4,-0.39999999999997726
988,4,-0.39999999999997726
989,4,-0.39999999999997726
990,4,-0.39999999999997726
991,4,-0.39999999999997726
992,4,-0.39999999999997726
993,4,-0.39999999999997726
994,4,-0.39999999999997726
995,4,-0.39999999999997726
996,4,-0.39999999999997726
997,4,-0.39999999999997726
998,4,-0.39999999999997726
999,4,-0.39999999999997726
1000,4,6.980073800738009
1001,4,-0.3999999999999986
1002,4,-0.3999999999999986
1003,4,-0.3999999999999986
1004,4,-0.3999999999999986
1005,4,-0.3999999999999986
1006,4,-0.3999999999999986
1007,4,-0.3999999999999986
1008,4,-0.3999999999999999
1009,4,-0.40000000000000036
1010,4,-0.40000000000000036
1011,4,-0.40000000000000036
1012,4,-0.40000000000000036
1013,4,-0.40000000000000036
1014,4,-0.40000000000000036
1015,4,-0.40000000000000024
1016,4,-0.3999999999999999
1017,4,-0.3999999999999999
1018,4,-0.4
1019,4,-0.4
1020,4,-0.4
1021,4,-0.40000000000000036
1022,4,-0.40000000000000036
1023,4,-0.40000000000000013
1024,4,-0.40000000000000036
1025,4,-0.40000000000000036
1026,4,-0.40000000000000036
1027,4,-0.40000000000000036
1028,4,-0.39999999999999947
1029,4,-0.3999999999999986
1030,4,-0.3999999999999986
1031,4,-0.3999999999999986
1032,4,-0.3999999999999986
1033,4,-0.3999999999999986
1034,4,-0.3999999999999986
1035,4,-0.3999999999999986
1036,4,-0.3999999999999986
1037,4,-0.3999999999999986
1038,4,-0.39999999999999947
1039,4,-0.3999999999999986
1040,4,-0.3999999999999986
1041,4,-0.3999999999999986
1042,4,-0.3999999999999986
1043,4,-0.3999999999999986
1044,4,-0.3999999999999986
1045,4,-0.3999999999999986
1046,4,-0.3999999999999986
1047,4,-0.3999999999999986
1048,4,-0.3999999999999986
1049,4,-0.3999999999999986
1050,4,-0.3999999999999986
1051,4,-0.3999999999999986
1052,4,-0.3999999999999986
1053,4,-0.3999999999999986
1054,4,-0.3999999999999986
1055,4,-0.3999999999999986
1056,4,-0.3999999999999986
1057,4,-0.3999999999999986
1058,4,-0.4000000000000039
1059,4,-0.4000000000000057
1060,4,-0.4000000000000057
1061,4,-0.4000000000000057
1062,4,-0.4000000000000057
1063,4,-0.4000000000000057
1064,4,-0.4000000000000057
1065,4,-0.4000000000000057
1066,4,-0.4000000000000057
1067,4,-0.4000000000000057
1068,4,-0.4000000000000057
1069,4,-0.4000000000000057
1070,4,-0.4000000000000057
1071,4,-0.4000000000000057
1072,4,-0.4000000000000057
1073,4,-0.4000000000000057
1074,4,-0.4000000000000057
1075,4,-0.4000000000000057
1076,4,-0.4000000000000057
1077,4,-0.4000000000000057
1078,4,-0.4000000000000057
1079,4,-0.4000000000000057
1080,4,-0.4000000000000057
1081,4,-0.4000000000000057
1082,4,-0.4000000000000057
1083,4,-0.4000000000000057
1084,4,-0.4000000000000057
1085,4,-0.4000000000000057
1086,4,-0.4000000000000057
1087,4,-0.4000000000000057
1088,4,-0.4000000000000057
1089,4,-0.4000000000000057
1090,4,-0.4000000000000057
1091,4,-0.4000000000000057
1092,4,-0.4000000000000057
1093,4,-0.4000000000000057
1094,4,-0.4000000000000057
1095,4,-0.4000000000000057
1096,4,-0.4000000000000057
1097,4,-0.4000000000000057
1098,4,-0.4000000000000057
1099,4,-0.4000000000000057
1100,4,-0.4000000000000057
1101,4,-0.4000000000000057
1102,4,-0.4000000000000057
1103,4,-0.4000000000000057
1104,4,-0.4000000000000057
1105,4,-0.4000000000000057
1106,4,-0.4000000000000057
1107,4,-0.4000000000000057
1108,4,-0.4000000000000057
1109,4,-0.4000000000000057
1110,4,-0.4000000000000057
1111,4,-0.4000000000000057
1112,4,-0.4000000000000057
1113,4,-0.4000000000000057
1114,4,-0.4000000000000057
1115,4,-0.4000000000000057
1116,4,-0.4000000000000057
1117,4,-0.4000000000000057
1118,4,-0.4000000000000057
1119,4,-0.4000000000000057
1120,4,-0.4000000000000057
1121,4,-0.4000000000000057
1122,4,-0.4000000000000057
1123,4,-0.4000000000000057
1124,4,-0.4000000000000057
1125,4,-0.4000000000000057
1126,4,-0.4000000000000057
1127,4,-0.4000000000000057
1128,4,-0.4000000000000057
1129,4,-0.4000000000000057
1130,4,-0.4000000000000057
1131,4,-0.4000000000000057
1132,4,-0.4000000000000057
1133,4,-0.4000000000000057
1134,4,-0.4000000000000057
1135,4,-0.4000000000000057
1136,4,-0.4000000000000057
1137,4,-0.4000000000000057
1138,4,-0.4000000000000057
1139,4,-0.4000000000000057
1140,4,-0.4000000000000057
1141,4,-0.4000000000000057
1142,4,-0.4000000000000057
1143,4,-0.4000000000000057
1144,4,-0.4000000000000057
1145,4,-0.4000000000000057
1146,4,-0.4000000000000057
1147,4,-0.4000000000000057
1148,4,-0.4000000000000057
1149,4,-0.4000000000000057
1150,4,-0.4000000000000057
1151,4,-0.4000000000000057
1152,4,-0.4000000000000057
1153,4,-0.4000000000000057
1154,4,-0.4000000000000057
1155,4,-0.4000000000000057
1156,4,-0.4000000000000057
1157,4,-0.4000000000000057
1158,4,-0.4000000000000057
1159,4,-0.4000000000000057
1160,4,-0.4000000000000057
1161,4,-0.4000000000000057
1162,4,-0.4000000000000057
1163,4,-0.4000000000000057
1164,4,-0.4000000000000057
1165,4,-0.4000000000000057
1166,4,-0.4000000000000057
1167,4,-0.4000000000000057
1168,4,-0.4000000000000057
1169,4,-0.4000000000000057
1170,4,-0.4000000000000057
1171,4,-0.4000000000000057
1172,4,-0.4000000000000057
1173,4,-0.4000000000000057
1174,4,-0.4000000000000057
1175,4,-0.4000000000000057
1176,4,-0.4000000000000057
1177,4,-0.4000000000000057
1178,4,-0.3999999999999915
1179,4,-0.39999999999997726
1180,4,-0.39999999999997726
1181,4,-0.39999999999997726
1182,4,-0.39999999999997726
1183,4,-0.39999999999997726
1184,4,-0.39999999999997726
1185,4,-0.39999999999997726
1186,4,-0.39999999999997726
1187,4,-0.39999999999997726
1188,4,-0.39999999999997726
1189,4,-0.39999999999997726
1190,4,-0.39999999999997726
1191,4,-0.39999999999997726
1192,4,-0.39999999999997726
1193,4,-0.39999999999997726
1194,4,-0.39999999999997726
1195,4,-0.39999999999997726
1196,4,-0.39999999999997726
1197,4,-0.39999999999997726
1198,4,-0.39999999999997726
1199,4,-0.39999999999997726
1200,4,-0.39999999999997726
1201,4,-0.39999999999997726
1202,4,-0.39999999999997726
1203,4,-0.39999999999997726
1204,4,-0.39999999999997726
1205,4,-0.39999999999997726
1206,4,-0.39999999999997726
1207,4,-0.39999999999997726
1208,4,-0.39999999999997726
1209,4,-0.39999999999997726
1210,4,-0.39999999999997726
1211,4,-0.39999999999997726
1212,4,-0.39999999999997726
1213,4,-0.39999999999997726
1214,4,-0.39999999999997726
1215,4,-0.39999999999997726
1216,4,-0.39999999999997726
1217,4,-0.39999999999997726
1218,4,-0.39999999999997726
1219,4,-0.39999999999997726
1220,4,-0.39999999999997726
1221,4,-0.39999999999997726
1222,4,-0.39999999999997726
1223,4,-0.39999999999997726
1224,4,-0.39999999999997726
1225,4,-0.39999999999997726
1226,4,-0.39999999999997726
1227,4,-0.39999999999997726
1228,4,-0.39999999999997726
1229,4,-0.39999999999997726
1230,4,-0.39999999999997726
1231,4,-0.39999999999997726
1232,4,-0.39999999999997726
1233,4,-0.39999999999997726
1234,4,-0.39999999999997726
1235,4,-0.39999999999997726
1236,4,-0.39999999999997726
1237,4,-0.39999999999997726
1238,4,-0.39999999999997726
1239,4,-0.39999999999997726
1240,4,-0.39999999999997726
1241,4,-0.39999999999997726
1242,4,-0.39999999999997726
1243,4,-0.39999999999997726
1244,4,-0.39999999999997726
1245,4,-0.39999999999997726
1246,4,-0.39999999999997726
1247,4,-0.39999999999997726
1248,4,-0.39999999999997726
1249,4,-0.39999999999997726
1250,4,7.147169811320756
1251,4,-0.3999999999999986
1252,4,-0.3999999999999986
1253,4,-0.3999999999999986
1254,4,-0.3999999999999986
1255,4,-0.3999999999999986
1256,4,-0.3999999999999986
1257,4,-0.3999999999999986
1258,4,-0.399999999999999
1259,4,-0.40000000000000036
1260,4,-0.40000000000000036
1261,4,-0.40000000000000036
1262,4,-0.40000000000000036
1263,4,-0.40000000000000036
1264,4,-0.40000000000000036
1265,4,-0.40000000000000036
1266,4,-0.4
1267,4,-0.3999999999999999
1268,4,-0.4
1269,4,-0.4
1270,4,-0.3999999999999999
1271,4,-0.40000000000000024
1272,4,-0.40000000000000036
1273,4,-0.40000000000000013
1274,4,-0.40000000000000036
1275,4,-0.40000000000000036
1276,4,-0.40000000000000036
1277,4,-0.40000000000000036
1278,4,-0.40000000000000036
1279,4,-0.3999999999999986
1280,4,-0.3999999999999986
1281,4,-0.3999999999999986
1282,4,-0.3999999999999986
1283,4,-0.3999999999999986
1284,4,-0.3999999999999986
1285,4,-0.3999999999999986
1286,4,-0.3999999999999986
1287,4,-0.3999999999999986
1288,4,-0.3999999999999986
1289,4,-0.3999999999999986
1290,4,-0.3999999999999986
1291,4,-0.3999999999999986
1292,4,-0.3999999999999986
1293,4,-0.3999999999999986
1294,4,-0.3999999999999986
1295,4,-0.3999999999999986
1296,4,-0.3999999999999986
1297,4,-0.3999999999999986
1298,4,-0.3999999999999986
1299,4,-0.3999999999999986
1300,4,-0.3999999999999986
1301,4,-0.3999999999999986
1302,4,-0.3999999999999986
1303,4,-0.3999999999999986
1304,4,-0.3999999999999986
1305,4,-0.3999999999999986
1306,4,-0.3999999999999986
1307,4,-0.3999999999999986
1308,4,-0.3999999999999986
1309,4,-0.4000000000000057
1310,4,-0.4000000000000057
1311,4,-0.4000000000000057
1312,4,-0.4000000000000057
1313,4,-0.4000000000000057
1314,4,-0.4000000000000057
1315,4,-0.4000000000000057
1316,4,-0.4000000000000057
1317,4,-0.4000000000000057
1318,4,-0.4000000000000057
1319,4,-0.4000000000000057
1320,4,-0.4000000000000057
1321,4,-0.4000000000000057
1322,4,-0.4000000000000057
1323,4,-0.4000000000000057
1324,4,-0.4000000000000057
1325,4,-0.4000000000000057
1326,4,-0.4000000000000057
1327,4,-0.4000000000000057
1328,4,-0.4000000000000057
1329,4,-0.4000000000000057
1330,4,-0.4000000000000057
1331,4,-0.4000000000000057
1332,4,-0.4000000000000057
1333,4,-0.4000000000000057
1334,4,-0.4000000000000057
1335,4,-0.4000000000000057
1336,4,-0.4000000000000057
1337,4,-0.4000000000000057
1338,4,-0.4000000000000057
1339,4,-0.4000000000000057
1340,4,-0.4000000000000057
1341,4,-0.4000000000000057
1342,4,-0.4000000000000057
1343,4,-0.4000000000000057
1344,4,-0.4000000000000057
1345,4,-0.4000000000000057
1346,4,-0.4000000000000057
1347,4,-0.4000000000000057
1348,4,-0.4000000000000057
1349,4,-0.4000000000000057
1350,4,-0.4000000000000057
1351,4,-0.4000000000000057
1352,4,-0.4000000000000057
1353,4,-0.4000000000000057
1354,4,-0.4000000000000057
1355,4,-0.4000000000000057
1356,4,-0.4000000000000057
1357,4,-0.4000000000000057
1358,4,-0.4000000000000057
1359,4,-0.4000000000000057
1360,4,-0.4000000000000057
1361,4,-0.4000000000000057
1362,4,-0.4000000000000057
1363,4,-0.4000000000000057
1364,4,-0.4000000000000057
1365,4,-0.4000000000000057
1366,4,-0.4000000000000057
1367,4,-0.4000000000000057
1368,4,-0.4000000000000057
1369,4,-0.4000000000000057
1370,4,-0.4000000000000057
1371,4,-0.4000000000000057
1372,4,-0.4000000000000057
1373,4,-0.4000000000000057
1374,4,-0.4000000000000057
1375,4,-0.4000000000000057
1376,4,-0.4000000000000057
1377,4,-0.4000000000000057
1378,4,-0.4000000000000057
1379,4,-0.4000000000000057
1380,4,-0.4000000000000057
1381,4,-0.4000000000000057
1382,4,-0.4000000000000057
1383,4,-0.4000000000000057
1384,4,-0.4000000000000057
1385,4,-0.4000000000000057
1386,4,-0.4000000000000057
1387,4,-0.4000000000000057
1388,4,-0.4000000000000057
1389,4,-0.4000000000000057
1390,4,-0.4000000000000057
1391,4,-0.4000000000000057
1392,4,-0.4000000000000057
1393,4,-0.4000000000000057
1394,4,-0.4000000000000057
1395,4,-0.4000000000000057
1396,4,-0.4000000000000057
1397,4,-0.4000000000000057
1398,4,-0.4000000000000057
1399,4,-0.4000000000000057
1400,4,-0.4000000000000057
1401,4,-0.4000000000000057
1402,4,-0.4000000000000057
1403,4,-0.4000000000000057
1404,4,-0.4000000000000057
1405,4,-0.4000000000000057
1406,4,-0.4000000000000057
1407,4,-0.4000000000000057
1408,4,-0.4000000000000057
1409,4,-0.4000000000000057
1410,4,-0.4000000000000057
1411,4,-0.4000000000000057
1412,4,-0.4000000000000057
1413,4,-0.4000000000000057
1414,4,-0.4000000000000057
1415,4,-0.4000000000000057
1416,4,-0.4000000000000057
1417,4,-0.4000000000000057
1418,4,-0.4000000000000057
1419,4,-0.4000000000000057
1420,4,-0.4000000000000057
1421,4,-0.4000000000000057
1422,4,-0.4000000000000057
1423,4,-0.4000000000000057
1424,4,-0.4000000000000057
1425,4,-0.4000000000000057
1426,4,-0.4000000000000057
1427,4,-0.4000000000000057
1428,4,-0.4000000000000057
1429,4,-0.39999999999997726
1430,4,-0.39999999999997726
1431,4,-0.39999999999997726
1432,4,-0.39999999999997726
1433,4,-0.39999999999997726
1434,4,-0.39999999999997726
1435,4,-0.39999999999997726
1436,4,-0.39999999999997726
1437,4,-0.39999999999997726
1438,4,-0.39999999999997726
1439,4,-0.39999999999997726
1440,4,-0.39999999999997726
1441,4,-0.39999999999997726
1442,4,-0.39999999999997726
1443,4,-0.39999999999997726
1444,4,-0.39999999999997726
1445,4,-0.39999999999997726
1446,4,-0.39999999999997726
1447,4,-0.39999999999997726
1448,4,-0.39999999999997726
1449,4,-0.39999999999997726
1450,4,-0.39999999999997726
1451,4,-0.39999999999997726
1452,4,-0.39999999999997726
1453,4,-0.39999999999997726
1454,4,-0.39999999999997726
1455,4,-0.39999999999997726
1456,4,-0.39999999999997726
1457,4,-0.39999999999997726
1458,4,-0.39999999999997726
1459,4,-0.39999999999997726
1460,4,-0.39999999999997726
1461,4,-0.39999999999997726
1462,4,-0.39999999999997726
1463,4,-0.39999999999997726
1464,4,-0.39999999999997726
1465,4,-0.39999999999997726
1466,4,-0.39999999999997726
1467,4,-0.39999999999997726
1468,4,-0.39999999999997726
1469,4,-0.39999999999997726
1470,4,-0.39999999999997726
1471,4,-0.39999999999997726
1472,4,-0.39999999999997726
1473,4,-0.39999999999997726
1474,4,-0.39999999999997726
1475,4,-0.39999999999997726
1476,4,-0.39999999999997726
1477,4,-0.39999999999997726
1478,4,-0.39999999999997726
1479,4,-0.39999999999997726
1480,4,-0.39999999999997726
1481,4,-0.39999999999997726
1482,4,-0.39999999999997726
1483,4,-0.39999999999997726
1484,4,-0.39999999999997726
1485,4,-0.39999999999997726
1486,4,-0.39999999999997726
1487,4,-0.39999999999997726
1488,4,-0.39999999999997726
1489,4,-0.39999999999997726
1490,4,-0.39999999999997726
1491,4,-0.39999999999997726
1492,4,-0.39999999999997726
1493,4,-0.39999999999997726
1494,4,-0.39999999999997726
1495,4,-0.39999999999997726
1496,4,-0.39999999999997726
1497,4,-0.39999999999997726
1498,4,-0.39999999999997726
1499,4,-0.39999999999997726
1500,4,7.062686567164181
1501,4,-0.3999999999999986
1502,4,-0.3999999999999986
1503,4,-0.3999999999999986
1504,4,-0.3999999999999986
1505,4,-0.3999999999999986
1506,4,-0.3999999999999986
1507,4,-0.3999999999999986
1508,4,-0.39999999999999947
1509,4,-0.40000000000000036
1510,4,-0.40000000000000036
1511,4,-0.40000000000000036
1512,4,-0.40000000000000036
1513,4,-0.40000000000000036
1514,4,-0.40000000000000036
1515,4,-0.40000000000000036
1516,4,-0.3999999999999999
1517,4,-0.3999999999999999
1518,4,-0.4
1519,4,-0.4
1520,4,-0.3999999999999999
1521,4,-0.40000000000000036
1522,4,-0.40000000000000036
1523,4,-0.40000000000000013
1524,4,-0.40000000000000036
1525,4,-0.40000000000000036
1526,4,-0.40000000000000036
1527,4,-0.40000000000000036
1528,4,-0.3999999999999999
1529,4,-0.3999999999999986
1530,4,-0.3999999999999986
1531,4,-0.3999999999999986
1532,4,-0.3999999999999986
1533,4,-0.3999999999999986
1534,4,-0.3999999999999986
1535,4,-0.3999999999999986
1536,4,-0.3999999999999986
1537,4,-0.3999999999999986
1538,4,-0.39999999999999947
1539,4,-0.3999999999999986
1540,4,-0.3999999999999986
1541,4,-0.3999999999999986
1542,4,-0.3999999999999986
1543,4,-0.3999999999999986
1544,4,-0.3999999999999986
1545,4,-0.3999999999999986
1546,4,-0.3999999999999986
1547,4,-0.3999999999999986
1548,4,-0.3999999999999986
1549,4,-0.3999999999999986
1550,4,-0.3999999999999986
1551,4,-0.3999999999999986
1552,4,-0.3999999999999986
1553,4,-0.3999999999999986
1554,4,-0.3999999999999986
1555,4,-0.3999999999999986
1556,4,-0.3999999999999986
1557,4,-0.3999999999999986
1558,4,-0.40000000000000213
1559,4,-0.4000000000000057
1560,4,-0.4000000000000057
1561,4,-0.4000000000000057
1562,4,-0.4000000000000057
1563,4,-0.4000000000000057
1564,4,-0.4000000000000057
1565,4,-0.4000000000000057
1566,4,-0.4000000000000057
1567,4,-0.4000000000000057
1568,4,-0.4000000000000057
1569,4,-0.4000000000000057
1570,4,-0.4000000000000057
1571,4,-0.4000000000000057
1572,4,-0.4000000000000057
1573,4,-0.4000000000000057
1574,4,-0.4000000000000057
1575,4,-0.4000000000000057
1576,4,-0.4000000000000057
1577,4,-0.4000000000000057
1578,4,-0.4000000000000057
1579,4,-0.4000000000000057
1580,4,-0.4000000000000057
1581,4,-0.4000000000000057
1582,4,-0.4000000000000057
1583,4,-0.4000000000000057
1584,4,-0.4000000000000057
1585,4,-0.4000000000000057
1586,4,-0.4000000000000057
1587,4,-0.4000000000000057
1588,4,-0.4000000000000057
1589,4,-0.4000000000000057
1590,4,-0.4000000000000057
1591,4,-0.4000000000000057
1592,4,-0.4000000000000057
1593,4,-0.4000000000000057
1594,4,-0.4000000000000057
1595,4,-0.4000000000000057
1596,4,-0.4000000000000057
1597,4,-0.4000000000000057
1598,4,-0.4000000000000057
1599,4,-0.4000000000000057
1600,4,-0.4000000000000057
1601,4,-0.4000000000000057
1602,4,-0.4000000000000057
1603,4,-0.4000000000000057
1604,4,-0.4000000000000057
1605,4,-0.4000000000000057
1606,4,-0.4000000000000057
1607,4,-0.4000000000000057
1608,4,-0.4000000000000057
1609,4,-0.4000000000000057
1610,4,-0.4000000000000057
1611,4,-0.4000000000000057
1612,4,-0.4000000000000057
1613,4,-0.4000000000000057
1614,4,-0.4000000000000057
1615,4,-0.4000000000000057
1616,4,-0.4000000000000057
1617,4,-0.4000000000000057
1618,4,-0.4000000000000057
1619,4,-0.4000000000000057
1620,4,-0.4000000000000057
1621,4,-0.4000000000000057
1622,4,-0.4000000000000057
1623,4,-0.4000000000000057
1624,4,-0.4000000000000057
1625,4,-0.4000000000000057
1626,4,-0.4000000000000057
1627,4,-0.4000000000000057
1628,4,-0.4000000000000057
1629,4,-0.4000000000000057
1630,4,-0.4000000000000057
1631,4,-0.4000000000000057
1632,4,-0.4000000000000057
1633,4,-0.4000000000000057
1634,4,-0.4000000000000057
1635,4,-0.4000000000000057
1636,4,-0.4000000000000057
1637,4,-0.4000000000000057
1638,4,-0.4000000000000057
1639,4,-0.4000000000000057
1640,4,-0.4000000000000057
1641,4,-0.4000000000000057
1642,4,-0.4000000000000057
1643,4,-0.4000000000000057
1644,4,-0.4000000000000057
1645,4,-0.4000000000000057
1646,4,-0.4000000000000057
1647,4,-0.4000000000000057
1648,4,-0.4000000000000057
1649,4,-0.4000000000000057
1650,4,-0.4000000000000057
1651,4,-0.4000000000000057
1652,4,-0.4000000000000057
