0,1,7.382101167315176
1,3,-0.3999999999999986
2,3,-0.3999999999999986
3,3,-0.3999999999999986
4,4,-0.3999999999999986
5,1,-0.3999999999999986
6,3,-0.3999999999999986
7,3,-0.3999999999999986
8,1,-0.3999999999999986
9,3,3.4910505836575885
10,1,-0.3999999999999986
11,4,-0.3999999999999986
12,3,-0.3999999999999986
13,1,-0.3999999999999986
14,2,-0.3999999999999986
15,3,-0.3999999999999986
16,3,-0.3999999999999986
17,3,-0.3999999999999986
18,1,-0.3999999999999986
19,2,-0.40000000000000036
20,3,-0.40000000000000036
21,0,3.4910505836575876
22,3,-0.3999999999999986
23,1,-0.3999999999999986
24,3,-0.3999999999999986
25,3,-0.3999999999999986
26,3,3.4910505836575894
27,3,-0.3999999999999986
28,3,-0.3999999999999986
29,3,-0.3999999999999986
30,3,3.4910505836575894
31,3,-0.3999999999999986
32,3,3.4910505836575894
33,3,-0.3999999999999986
34,3,3.4910505836575823
35,3,-0.4000000000000057
36,3,3.4910505836575823
37,3,3.4910505836575823
38,3,-0.4000000000000057
39,3,3.4910505836575823
40,3,3.4910505836575823
41,3,3.4910505836575823
42,3,-0.4000000000000057
43,3,3.4910505836575823
44,3,3.4910505836575823
45,3,3.4910505836575823
46,3,3.4910505836575823
47,3,3.4910505836575823
48,3,3.4910505836575823
49,3,-0.4000000000000057
50,3,3.4910505836575823
51,3,-0.4000000000000057
52,3,-0.4000000000000057
53,3,-0.4000000000000057
54,3,-0.4000000000000057
55,3,-0.4000000000000057
56,3,-0.4000000000000057
57,3,-0.4000000000000057
58,3,-0.4000000000000057
59,3,-0.4000000000000057
60,3,-0.4000000000000057
61,3,-0.4000000000000057
62,3,-0.4000000000000057
63,3,-0.4000000000000057
64,3,-0.4000000000000057
65,3,-0.4000000000000057
66,3,-0.4000000000000057
67,3,-0.4000000000000057
68,3,-0.4000000000000057
69,3,-0.4000000000000057
70,3,-0.4000000000000057
71,3,-0.4000000000000057
72,3,-0.4000000000000057
73,3,-0.4000000000000057
74,3,-0.4000000000000057
75,3,-0.4000000000000057
76,3,-0.4000000000000057
77,3,-0.4000000000000057
78,3,-0.4000000000000057
79,3,-0.4000000000000057
80,3,-0.4000000000000057
81,3,-0.4000000000000057
82,3,-0.4000000000000057
83,3,-0.4000000000000057
84,3,-0.4000000000000057
85,3,-0.4000000000000057
86,3,-0.4000000000000057
87,3,-0.4000000000000057
88,3,-0.4000000000000057
89,3,-0.4000000000000057
90,3,-0.4000000000000057
91,3,-0.4000000000000057
92,3,-0.4000000000000057
93,3,-0.4000000000000057
94,3,-0.4000000000000057
95,3,-0.4000000000000057
96,3,-0.4000000000000057
97,3,-0.4000000000000057
98,3,-0.4000000000000057
99,3,-0.4000000000000057
100,3,-0.4000000000000057
101,3,-0.4000000000000057
102,3,-0.4000000000000057
103,3,-0.4000000000000057
104,3,-0.4000000000000057
105,3,-0.4000000000000057
106,3,-0.4000000000000057
107,3,-0.4000000000000057
108,3,-0.4000000000000057
109,3,-0.4000000000000057
110,3,-0.4000000000000057
111,3,-0.4000000000000057
112,3,-100.30000000000001
113,3,7.233587786259544
114,3,-0.3999999999999986
115,3,3.416793893129772
116,3,-0.3999999999999986
117,3,-0.3999999999999986
118,3,3.416793893129773
119,3,-0.3999999999999986
120,3,3.416793893129773
121,3,-0.3999999999999986
122,3,3.416793893129771
123,3,-0.4000000000000057
124,3,3.416793893129764
125,3,-0.4000000000000057
126,3,3.416793893129764
127,3,3.416793893129764
128,3,3.416793893129764
129,3,-0.4000000000000057
130,3,3.416793893129764
131,3,3.416793893129764
132,3,3.416793893129764
133,3,3.416793893129764
134,3,3.416793893129764
135,3,3.416793893129764
136,3,3.416793893129764
137,3,-0.4000000000000057
138,3,3.416793893129764
139,3,3.416793893129764
140,3,3.4167938931297996
141,3,7.233587786259562
142,3,3.4167938931297925
143,3,3.4167938931297925
144,3,3.4167938931297925
145,3,3.4167938931297925
146,3,3.4167938931297925
147,3,3.4167938931297925
148,3,3.4167938931297925
149,3,7.233587786259562
150,3,3.4167938931297925
151,3,3.4167938931297925
152,3,3.4167938931297925
153,3,7.233587786259562
154,3,3.4167938931297925
155,3,3.4167938931297925
156,3,11.050381679389375
157,3,3.4167938931298067
158,3,-0.39999999999997726
159,3,3.4167938931298067
160,3,-0.39999999999997726
161,3,-0.39999999999997726
162,3,-0.39999999999997726
163,3,-0.39999999999997726
164,3,-0.39999999999997726
165,3,-0.39999999999997726
166,3,-0.39999999999997726
167,3,-0.39999999999997726
168,3,-0.39999999999997726
169,3,-0.39999999999997726
170,3,-0.39999999999997726
171,3,-0.39999999999997726
172,3,-0.39999999999997726
173,3,-0.39999999999997726
174,3,-0.39999999999997726
175,3,-0.39999999999997726
176,3,-0.39999999999997726
177,3,-100
178,3,6.872727272727274
179,3,-0.3999999999999986
180,3,3.236363636363637
181,3,-0.3999999999999986
182,3,-0.3999999999999986
183,3,3.236363636363638
184,3,-0.3999999999999986
185,3,3.236363636363638
186,3,-0.3999999999999986
187,3,3.2363636363636363
188,3,-0.4000000000000057
189,3,3.236363636363631
190,3,-0.4000000000000057
191,3,3.236363636363631
192,3,3.236363636363631
193,3,3.236363636363631
194,3,-0.4000000000000057
195,3,3.236363636363631
196,3,3.2363636363636274
197,3,3.2363636363636274
198,3,3.2363636363636274
199,3,3.2363636363636274
200,3,3.2363636363636274
201,3,3.2363636363636274
202,3,-0.4000000000000057
203,3,6.872727272727261
204,3,3.2363636363636274
205,3,-0.4000000000000057
206,3,3.236363636363656
207,3,-0.39999999999997726
208,3,-0.39999999999998437
209,3,-0.4000000000000057
210,3,-0.4000000000000057
211,3,-0.4000000000000057
212,3,-0.4000000000000057
213,3,-0.4000000000000057
214,3,-0.4000000000000057
215,3,-0.4000000000000057
216,3,-0.4000000000000057
217,3,-0.4000000000000057
218,3,-0.4000000000000057
219,3,-0.4000000000000057
220,3,-0.4000000000000057
221,3,-0.4000000000000057
222,3,-0.4000000000000057
223,3,-0.4000000000000057
224,3,-0.4000000000000057
225,3,-0.4000000000000057
226,3,-0.4000000000000057
227,3,-0.4000000000000057
228,3,-0.4000000000000057
229,3,-0.4000000000000057
230,3,-0.4000000000000057
231,3,-0.4000000000000057
232,3,-0.4000000000000057
233,3,-0.4000000000000057
234,3,-0.4000000000000057
235,3,-0.4000000000000057
236,3,-0.4000000000000057
237,3,-0.4000000000000057
238,3,-0.4000000000000057
239,3,-0.4000000000000057
240,3,-0.4000000000000057
241,3,-0.4000000000000057
242,3,-0.4000000000000057
243,3,-0.4000000000000057
244,3,-0.4000000000000057
245,3,-0.4000000000000057
246,3,-0.4000000000000057
247,3,-0.4000000000000057
248,3,-0.4000000000000057
249,3,-0.4000000000000057
250,3,-0.4000000000000057
251,3,-0.4000000000000057
252,3,-0.4000000000000057
253,3,-0.4000000000000057
254,3,-0.4000000000000057
255,3,-0.4000000000000057
256,3,-0.4000000000000057
257,3,-0.4000000000000057
258,3,-0.4000000000000057
259,3,-0.4000000000000057
260,3,-0.4000000000000057
261,3,-0.4000000000000057
262,3,-0.4000000000000057
263,3,-0.4000000000000057
264,3,-0.4000000000000057
265,3,-0.4000000000000057
266,3,-100
267,3,6.072491909385115
268,3,-0.3999999999999986
269,3,2.8362459546925587
270,3,-0.3999999999999986
271,3,-0.3999999999999986
272,3,2.836245954692558
273,3,-0.3999999999999986
274,3,2.836245954692558
275,3,-0.3999999999999986
276,3,2.836245954692558
277,3,-0.3999999999999986
278,3,2.8362459546925525
279,3,-0.4000000000000057
280,3,2.8362459546925507
281,3,2.8362459546925507
282,3,2.8362459546925507
283,3,-0.4000000000000057
284,3,2.8362459546925507
285,3,2.8362459546925507
286,3,2.8362459546925542
287,3,2.8362459546925507
288,3,2.8362459546925507
289,3,2.8362459546925507
290,3,2.8362459546925507
291,3,-0.4000000000000057
292,3,2.8362459546925507
293,3,2.8362459546925507
294,3,2.8362459546925507
295,3,6.072491909385107
296,3,2.8362459546925507
297,3,2.836245954692565
298,3,2.8362459546925862
299,3,2.8362459546925862
300,3,2.8362459546925862
301,3,2.8362459546925862
302,3,2.8362459546925862
303,3,6.07249190938515
304,3,2.8362459546925862
305,3,2.8362459546925862
306,3,2.8362459546925862
307,3,6.07249190938515
308,3,2.8362459546925862
309,3,2.8362459546925862
310,3,6.07249190938515
311,3,2.8362459546925862
312,3,2.8362459546925862
313,3,6.07249190938515
314,3,6.0724919093851355
315,3,6.072491909385121
316,3,2.836245954692572
317,3,-0.39999999999997726
318,3,-0.39999999999997726
319,3,-0.39999999999997726
320,3,-0.39999999999997726
321,3,-0.39999999999997726
322,3,-0.39999999999997726
323,3,-0.39999999999997726
324,3,-0.39999999999997726
325,3,-0.39999999999997726
326,3,-0.39999999999997726
327,3,-0.39999999999997726
328,3,-0.39999999999997726
329,3,-0.39999999999997726
330,3,-0.39999999999997726
331,3,-0.39999999999997726
332,3,-0.39999999999997726
333,3,-0.39999999999997726
334,3,-100.19999999999999
335,3,6.472852233676977
336,3,-0.3999999999999986
337,3,3.0364261168384887
338,3,-0.3999999999999986
339,3,-0.3999999999999986
340,3,3.0364261168384896
341,3,-0.3999999999999986
342,3,3.0364261168384896
343,3,-0.3999999999999986
344,3,3.036426116838488
345,3,-0.4000000000000057
346,3,3.0364261168384807
347,3,-0.4000000000000057
348,3,3.0364261168384807
349,3,3.0364261168384807
350,3,3.0364261168384807
351,3,-0.4000000000000057
352,3,3.0364261168384807
353,3,3.0364261168384807
354,3,3.0364261168384843
355,3,3.0364261168384843
356,3,3.0364261168384843
357,3,3.0364261168384843
358,3,3.0364261168384843
359,3,-0.4000000000000057
360,3,3.0364261168384843
361,3,3.0364261168384843
362,3,3.0364261168384843
363,3,6.472852233676981
364,3,3.0364261168384843
365,3,3.0364261168385127
366,3,3.0364261168385127
367,3,3.0364261168385127
368,3,3.0364261168385127
369,3,3.0364261168385127
370,3,3.0364261168385127
371,3,6.472852233677003
372,3,3.0364261168385127
373,3,3.0364261168385127
374,3,3.0364261168385127
375,3,6.472852233677003
376,3,3.0364261168385127
377,3,3.0364261168385127
378,3,6.472852233677003
379,3,3.0364261168385127
380,3,3.0364261168385127
381,3,6.4728522336769885
382,3,3.0364261168384985
383,3,3.0364261168384985
384,3,3.0364261168384985
385,3,-0.39999999999997726
386,3,9.90927835051545
387,3,3.0364261168384985
388,3,-0.39999999999997726
389,3,-0.39999999999997726
390,3,-0.39999999999997726
391,3,-0.39999999999997726
392,3,-0.39999999999997726
393,3,-0.39999999999997726
394,3,-0.39999999999997726
395,3,-0.39999999999997726
396,3,-0.39999999999997726
397,3,-0.39999999999997726
398,3,-0.39999999999997726
399,3,-0.39999999999997726
400,3,-0.39999999999997726
401,3,-0.39999999999997726
402,3,-0.39999999999997726
403,3,-0.39999999999997726
404,3,-0.39999999999997726
405,3,-100
406,3,6.244518272425251
407,3,-0.3999999999999986
408,3,2.9222591362126265
409,3,-0.3999999999999986
410,3,-0.3999999999999986
411,3,2.9222591362126256
412,3,-0.3999999999999986
413,3,2.9222591362126256
414,3,-0.3999999999999986
415,3,2.9222591362126256
416,3,-0.3999999999999986
417,3,2.922259136212622
418,3,-0.4000000000000057
419,3,2.9222591362126202
420,3,2.9222591362126202
421,3,2.9222591362126202
422,3,-0.4000000000000057
423,3,2.9222591362126202
424,3,2.9222591362126202
425,3,2.9222591362126167
426,3,2.9222591362126167
427,3,2.9222591362126167
428,3,2.9222591362126167
429,3,2.9222591362126167
430,3,2.9222591362126167
431,3,2.9222591362126167
432,3,-0.4000000000000057
433,3,2.9222591362126167
434,3,-0.4000000000000057
435,3,-0.4000000000000057
436,3,-0.4000000000000057
437,3,-0.4000000000000057
438,3,-0.4000000000000057
439,3,-0.4000000000000057
440,3,-0.4000000000000057
441,3,-0.4000000000000057
442,3,-0.4000000000000057
443,3,-0.4000000000000057
444,3,-0.4000000000000057
445,3,-0.4000000000000057
446,3,-0.4000000000000057
447,3,-0.4000000000000057
448,3,-0.4000000000000057
449,3,-0.4000000000000057
450,3,-0.4000000000000057
451,3,-0.4000000000000057
452,3,-0.4000000000000057
453,3,-0.4000000000000057
454,3,-0.4000000000000057
455,3,-0.4000000000000057
456,3,-0.4000000000000057
457,3,-0.4000000000000057
458,3,-0.4000000000000057
459,3,-0.4000000000000057
460,3,-0.4000000000000057
461,3,-0.4000000000000057
462,3,-0.4000000000000057
463,3,-0.4000000000000057
464,3,-0.4000000000000057
465,3,-0.4000000000000057
466,3,-0.4000000000000057
467,3,-0.4000000000000057
468,3,-0.4000000000000057
469,3,-0.4000000000000057
470,3,-0.4000000000000057
471,3,-0.4000000000000057
472,3,-0.4000000000000057
473,3,-0.4000000000000057
474,3,-0.4000000000000057
475,3,-0.4000000000000057
476,3,-0.4000000000000057
477,3,-0.4000000000000057
478,3,-0.4000000000000057
479,3,-0.4000000000000057
480,3,-0.4000000000000057
481,3,-0.4000000000000057
482,3,-0.4000000000000057
483,3,-0.4000000000000057
484,3,-0.4000000000000057
485,3,-0.4000000000000057
486,3,-0.4000000000000057
487,3,-0.4000000000000057
488,3,-0.4000000000000057
489,3,-0.4000000000000057
490,3,-0.4000000000000057
491,3,-0.4000000000000057
492,3,-0.4000000000000057
493,3,-0.4000000000000057
494,3,-100
495,3,6.449315068493152
496,3,-0.3999999999999986
497,3,3.0246575342465762
498,3,-0.3999999999999986
499,3,-0.3999999999999986
500,3,3.024657534246577
501,3,-0.3999999999999986
502,3,3.024657534246577
503,3,-0.3999999999999986
504,3,3.0246575342465754
505,3,-0.4000000000000057
506,3,3.0246575342465682
507,3,-0.4000000000000057
508,3,3.0246575342465682
509,3,3.0246575342465682
510,3,3.0246575342465682
511,3,-0.4000000000000057
512,3,3.0246575342465682
513,3,3.0246575342465682
514,3,3.024657534246572
515,3,3.024657534246572
516,3,3.024657534246572
517,3,3.024657534246572
518,3,3.024657534246572
519,3,-0.4000000000000057
520,3,3.024657534246572
521,3,3.024657534246572
522,3,3.024657534246572
523,3,6.449315068493149
524,3,3.024657534246579
525,3,3.0246575342466
526,3,3.0246575342466
527,3,3.0246575342466
528,3,3.0246575342466
529,3,3.0246575342466
530,3,3.0246575342466
531,3,6.449315068493178
532,3,3.0246575342466
533,3,3.0246575342466
534,3,3.0246575342466
535,3,6.449315068493178
536,3,3.0246575342466
537,3,3.0246575342466
538,3,6.449315068493178
539,3,6.449315068493178
540,3,6.4493150684931635
541,3,-0.39999999999997726
542,3,3.024657534246586
543,3,-0.39999999999997726
544,3,-0.39999999999997726
545,3,-0.39999999999997726
546,3,-0.39999999999997726
547,3,-0.39999999999997726
548,3,-0.39999999999997726
549,3,-0.39999999999997726
550,3,-0.39999999999997726
551,3,-0.39999999999997726
552,3,-0.39999999999997726
553,3,-0.39999999999997726
554,3,-0.39999999999997726
555,3,-0.39999999999997726
556,3,-0.39999999999997726
557,3,-0.39999999999997726
558,3,-0.39999999999997726
559,3,-0.39999999999997726
560,3,-100.1
561,3,6.472852233676977
562,3,-0.3999999999999986
563,3,3.0364261168384887
564,3,-0.3999999999999986
565,3,-0.3999999999999986
566,3,3.0364261168384896
567,3,-0.3999999999999986
568,3,3.0364261168384896
569,3,-0.3999999999999986
570,3,3.036426116838488
571,3,-0.4000000000000057
572,3,3.0364261168384807
573,3,-0.4000000000000057
574,3,3.0364261168384807
575,3,3.0364261168384807
576,3,3.0364261168384807
577,3,-0.4000000000000057
578,3,3.0364261168384807
579,3,3.0364261168384807
580,3,3.0364261168384843
581,3,3.0364261168384843
582,3,3.0364261168384843
583,3,3.0364261168384843
584,3,3.0364261168384843
585,3,3.0364261168384843
586,3,3.0364261168384843
587,3,-0.4000000000000057
588,3,3.0364261168384843
589,3,-0.4000000000000057
590,3,-0.4000000000000057
591,3,-0.4000000000000057
592,3,-0.4000000000000057
593,3,-0.4000000000000057
594,3,-0.4000000000000057
595,3,-0.4000000000000057
596,3,-0.4000000000000057
597,3,-0.4000000000000057
598,3,-0.4000000000000057
599,3,-0.4000000000000057
600,3,-0.4000000000000057
601,3,-0.4000000000000057
602,3,-0.4000000000000057
603,3,-0.4000000000000057
604,3,-0.4000000000000057
605,3,-0.4000000000000057
606,3,-0.4000000000000057
607,3,-0.4000000000000057
608,3,-0.4000000000000057
609,3,-0.4000000000000057
610,3,-0.4000000000000057
611,3,-0.4000000000000057
612,3,-0.4000000000000057
613,3,-0.4000000000000057
614,3,-0.4000000000000057
615,3,-0.4000000000000057
616,3,-0.4000000000000057
617,3,-0.4000000000000057
618,3,-0.4000000000000057
619,3,-0.4000000000000057
620,3,-0.4000000000000057
621,3,-0.4000000000000057
622,3,-0.4000000000000057
623,3,-0.4000000000000057
624,3,-0.4000000000000057
625,3,-0.4000000000000057
626,3,-0.4000000000000057
627,3,-0.4000000000000057
628,3,-0.4000000000000057
629,3,-0.4000000000000057
630,3,-0.4000000000000057
631,3,-0.4000000000000057
632,3,-0.4000000000000057
633,3,-0.4000000000000057
634,3,-0.4000000000000057
635,3,-0.4000000000000057
636,3,-0.4000000000000057
637,3,-0.4000000000000057
638,3,-0.4000000000000057
639,3,-0.4000000000000057
640,3,-0.4000000000000057
641,3,-0.4000000000000057
642,3,-0.4000000000000057
643,3,-0.4000000000000057
644,3,-0.4000000000000057
645,3,-0.4000000000000057
646,3,-0.4000000000000057
647,3,-0.4000000000000057
648,3,-0.4000000000000057
649,3,-100.1
650,3,6.642253521126762
651,3,-0.3999999999999986
652,3,3.1211267605633823
653,3,-0.3999999999999986
654,3,-0.3999999999999986
655,3,3.1211267605633815
656,3,-0.3999999999999986
657,3,3.1211267605633815
658,3,-0.3999999999999986
659,3,3.1211267605633797
660,3,-0.4000000000000057
661,3,3.1211267605633743
662,3,-0.4000000000000057
663,3,3.1211267605633743
664,3,3.1211267605633743
665,3,3.1211267605633743
666,3,-0.4000000000000057
667,3,3.1211267605633743
668,3,3.1211267605633743
669,3,3.121126760563378
670,3,3.121126760563378
671,3,3.121126760563378
672,3,3.121126760563378
673,3,3.121126760563378
674,3,-0.4000000000000057
675,3,3.121126760563378
676,3,3.121126760563378
677,3,3.121126760563378
678,3,6.6422535211267615
679,3,3.121126760563399
680,3,3.121126760563399
681,3,3.121126760563399
682,3,3.121126760563399
683,3,3.121126760563399
684,3,3.121126760563399
685,3,3.121126760563399
686,3,6.642253521126776
687,3,3.121126760563399
688,3,3.121126760563399
689,3,3.121126760563399
690,3,6.642253521126776
691,3,3.121126760563399
692,3,3.121126760563399
693,3,6.642253521126776
694,3,3.121126760563399
695,3,3.1211267605634134
696,3,6.642253521126804
697,3,3.1211267605634134
698,3,3.1211267605634134
699,3,-0.39999999999997726
700,3,-0.39999999999997726
701,3,13.684507042253585
702,3,-0.39999999999997726
703,3,-0.39999999999997726
704,3,-0.39999999999997726
705,3,-0.39999999999997726
706,3,-0.39999999999997726
707,3,-0.39999999999997726
708,3,-0.39999999999997726
709,3,-0.39999999999997726
710,3,-0.39999999999997726
711,3,-0.39999999999997726
712,3,-0.39999999999997726
713,3,-0.39999999999997726
714,3,-0.39999999999997726
715,3,-0.39999999999997726
716,3,-0.39999999999997726
717,3,-0.39999999999997726
718,3,-0.39999999999997726
719,3,-0.39999999999997726
720,3,-100.1
721,3,5.9694267515923585
722,3,-0.3999999999999986
723,3,2.78471337579618
724,3,-0.3999999999999986
725,3,-0.3999999999999986
726,3,2.78471337579618
727,3,-0.3999999999999986
728,3,2.78471337579618
729,3,-0.3999999999999986
730,3,2.78471337579618
731,3,-0.3999999999999986
732,3,2.784713375796173
733,3,-0.4000000000000057
734,3,2.784713375796173
735,3,2.784713375796173
736,3,2.784713375796173
737,3,-0.4000000000000057
738,3,2.784713375796173
739,3,2.784713375796173
740,3,2.784713375796173
741,3,2.784713375796173
742,3,2.784713375796173
743,3,2.784713375796173
744,3,2.784713375796173
745,3,-0.4000000000000057
746,3,2.784713375796173
747,3,2.784713375796173
748,3,2.784713375796173
749,3,5.969426751592351
750,3,2.784713375796173
751,3,2.78471337579618
752,3,2.784713375796187
753,3,2.7847133757962013
754,3,2.7847133757962013
755,3,2.7847133757962013
756,3,2.7847133757962013
757,3,5.96942675159238
758,3,2.7847133757962013
759,3,2.7847133757962013
760,3,2.7847133757962013
761,3,5.96942675159238
762,3,2.7847133757962013
763,3,2.7847133757962013
764,3,5.96942675159238
765,3,2.7847133757962013
766,3,9.154140127388558
767,3,2.7847133757962013
768,3,2.7847133757962013
769,3,-0.39999999999997726
770,3,-0.39999999999997726
771,3,-0.39999999999997726
772,3,-0.39999999999997726
773,3,-0.39999999999997726
774,3,-0.39999999999997726
775,3,-0.39999999999997726
776,3,-0.39999999999997726
777,3,-0.39999999999997726
778,3,-0.39999999999997726
779,3,-0.39999999999997726
780,3,-0.39999999999997726
781,3,-0.39999999999997726
782,3,-0.39999999999997726
783,3,-0.39999999999997726
784,3,-0.39999999999997726
785,3,-0.39999999999997726
786,3,-0.39999999999997726
787,3,-100
788,3,6.568641114982579
789,3,-0.3999999999999986
790,3,3.0843205574912904
791,3,-0.3999999999999986
792,3,-0.3999999999999986
793,3,3.0843205574912904
794,3,-0.3999999999999986
795,3,3.0843205574912904
796,3,-0.3999999999999986
797,3,3.084320557491287
798,3,-0.4000000000000057
799,3,3.0843205574912815
800,3,-0.4000000000000057
801,3,3.0843205574912815
802,3,3.0843205574912815
803,3,3.0843205574912815
804,3,-0.4000000000000057
805,3,3.0843205574912815
806,3,3.0843205574912815
807,3,3.0843205574912815
808,3,3.0843205574912815
809,3,3.0843205574912815
810,3,3.0843205574912815
811,3,3.0843205574912815
812,3,-0.4000000000000057
813,3,3.0843205574912815
814,3,3.0843205574912815
815,3,3.0843205574912815
816,3,6.568641114982576
817,3,3.08432055749131
818,3,3.08432055749131
819,3,3.08432055749131
820,3,3.08432055749131
821,3,3.08432055749131
822,3,3.08432055749131
823,3,3.08432055749131
824,3,6.568641114982597
825,3,3.08432055749131
826,3,3.08432055749131
827,3,10.052961672473884
828,3,3.08432055749131
829,3,-0.39999999999997726
830,3,-0.39999999999997726
831,3,-0.39999999999997726
832,3,-0.39999999999997726
833,3,-0.39999999999997726
834,3,-0.39999999999997726
835,3,-0.39999999999997726
836,3,-0.39999999999997726
837,3,-0.39999999999997726
838,3,-0.39999999999997726
839,3,-0.39999999999997726
840,3,-0.39999999999997726
841,3,-0.39999999999997726
842,3,-0.39999999999997726
843,3,-0.39999999999997726
844,3,-0.39999999999997726
845,3,-0.39999999999997726
846,3,-0.39999999999997726
847,3,-0.39999999999997726
848,3,-0.39999999999997726
849,3,-100.19999999999999
850,3,6.200660066006602
851,3,-0.3999999999999986
852,3,2.9003300330033017
853,3,-0.3999999999999986
854,3,-0.3999999999999986
855,3,2.9003300330033017
856,3,-0.3999999999999986
857,3,2.9003300330033017
858,3,-0.3999999999999986
859,3,2.9003300330033017
860,3,-0.3999999999999986
861,3,2.9003300330032964
862,3,-0.4000000000000057
863,3,2.900330033003293
864,3,2.900330033003293
865,3,2.900330033003293
866,3,-0.4000000000000057
867,3,2.900330033003293
868,3,2.900330033003293
869,3,2.900330033003293
870,3,2.900330033003293
871,3,2.900330033003293
872,3,2.900330033003293
873,3,2.900330033003293
874,3,-0.4000000000000057
875,3,6.200660066006591
876,3,2.900330033003293
877,3,-0.4000000000000057
878,3,2.900330033003293
879,3,-0.4000000000000057
880,3,-0.4000000000000057
881,3,-0.4000000000000057
882,3,-0.4000000000000057
883,3,-0.4000000000000057
884,3,-0.4000000000000057
885,3,-0.4000000000000057
886,3,-0.4000000000000057
887,3,-0.4000000000000057
888,3,-0.4000000000000057
889,3,-0.4000000000000057
890,3,-0.4000000000000057
891,3,-0.4000000000000057
892,3,-0.4000000000000057
893,3,-0.4000000000000057
894,3,-0.4000000000000057
895,3,-0.4000000000000057
896,3,-0.4000000000000057
897,3,-0.4000000000000057
898,3,-0.4000000000000057
899,3,-0.4000000000000057
900,3,-0.4000000000000057
901,3,-0.4000000000000057
902,3,-0.4000000000000057
903,3,-0.4000000000000057
904,3,-0.4000000000000057
905,3,-0.4000000000000057
906,3,-0.4000000000000057
907,3,-0.4000000000000057
908,3,-0.4000000000000057
909,3,-0.4000000000000057
910,3,-0.4000000000000057
911,3,-0.4000000000000057
912,3,-0.4000000000000057
913,3,-0.4000000000000057
914,3,-0.4000000000000057
915,3,-0.4000000000000057
916,3,-0.4000000000000057
917,3,-0.4000000000000057
918,3,-0.4000000000000057
919,3,-0.4000000000000057
920,3,-0.4000000000000057
921,3,-0.4000000000000057
922,3,-0.4000000000000057
923,3,-0.4000000000000057
924,3,-0.4000000000000057
925,3,-0.4000000000000057
926,3,-0.4000000000000057
927,3,-0.4000000000000057
928,3,-0.4000000000000057
929,3,-0.4000000000000057
930,3,-0.4000000000000057
931,3,-0.4000000000000057
932,3,-0.4000000000000057
933,3,-0.4000000000000057
934,3,-0.4000000000000057
935,3,-0.4000000000000057
936,3,-0.4000000000000057
937,3,-0.4000000000000057
938,3,-100.2
939,3,7.50513833992095
940,3,-0.3999999999999986
941,3,3.552569169960475
942,3,-0.3999999999999986
943,3,-0.3999999999999986
944,3,3.552569169960476
945,3,-0.3999999999999986
946,3,3.5525691699604725
947,3,-0.4000000000000057
948,3,3.5525691699604707
949,3,-0.4000000000000057
950,3,3.552569169960467
951,3,-0.4000000000000057
952,3,3.552569169960467
953,3,3.552569169960467
954,3,3.552569169960467
955,3,-0.4000000000000057
956,3,3.5525691699604707
957,3,3.5525691699604707
958,3,3.5525691699604707
959,3,3.5525691699604707
960,3,3.5525691699604707
961,3,3.5525691699604707
962,3,3.5525691699604707
963,3,3.5525691699604707
964,3,3.552569169960478
965,3,-0.39999999999997726
966,3,3.552569169960492
967,3,-0.39999999999997726
968,3,-0.39999999999997726
969,3,-0.39999999999997726
970,3,-0.39999999999997726
971,3,-0.39999999999997726
972,3,-0.39999999999997726
973,3,-0.39999999999997726
974,3,-0.39999999999997726
975,3,-0.39999999999997726
976,3,-0.3999999999999915
977,3,-0.4000000000000057
978,3,-0.4000000000000057
979,3,-0.4000000000000057
980,3,-0.4000000000000057
981,3,-0.4000000000000057
982,3,-0.4000000000000057
983,3,-0.4000000000000057
984,3,-0.4000000000000057
985,3,-0.4000000000000057
986,3,-0.4000000000000057
987,3,-0.4000000000000057
988,3,-0.4000000000000057
989,3,-0.4000000000000057
990,3,-0.4000000000000057
991,3,-0.4000000000000057
992,3,-0.4000000000000057
993,3,-0.4000000000000057
994,3,-0.4000000000000057
995,3,-0.4000000000000057
996,3,-0.4000000000000057
997,3,-0.4000000000000057
998,3,-0.4000000000000057
999,3,-0.4000000000000057
1000,3,-0.4000000000000057
1001,3,-0.4000000000000057
1002,3,-0.4000000000000057
1003,3,-0.4000000000000057
1004,3,-0.4000000000000057
1005,3,-0.4000000000000057
1006,3,-0.4000000000000057
1007,3,-0.4000000000000057
1008,3,-0.4000000000000057
1009,3,-0.4000000000000057
1010,3,-0.4000000000000057
1011,3,-0.4000000000000057
1012,3,-0.4000000000000057
1013,3,-0.4000000000000057
1014,3,-0.4000000000000057
1015,3,-0.4000000000000057
1016,3,-0.4000000000000057
1017,3,-0.4000000000000057
1018,3,-0.4000000000000057
1019,3,-0.4000000000000057
1020,3,-0.4000000000000057
1021,3,-0.4000000000000057
1022,3,-0.4000000000000057
1023,3,-0.4000000000000057
1024,3,-0.4000000000000057
1025,3,-0.4000000000000057
1026,3,-0.4000000000000057
1027,3,-100.1
1028,3,5.517159763313611
1029,3,-0.3999999999999986
1030,3,2.558579881656806
1031,3,-0.3999999999999986
1032,3,-0.3999999999999986
1033,3,2.558579881656806
1034,3,-0.3999999999999986
1035,3,2.558579881656806
1036,3,-0.3999999999999986
1037,3,2.558579881656806
1038,3,-0.3999999999999986
1039,3,2.5585798816568026
1040,3,-0.3999999999999986
1041,3,2.558579881656799
1042,3,2.558579881656801
1043,3,2.5585798816567973
1044,3,-0.4000000000000057
1045,3,2.5585798816567973
1046,3,2.5585798816567973
1047,3,2.5585798816567973
1048,3,2.5585798816567973
1049,3,2.5585798816567973
1050,3,2.5585798816567973
1051,3,2.5585798816567973
1052,3,2.5585798816567973
1053,3,2.5585798816567973
1054,3,-0.4000000000000057
1055,3,2.5585798816567973
1056,3,-0.4000000000000057
1057,3,-0.4000000000000057
1058,3,-0.4000000000000057
1059,3,-0.4000000000000057
1060,3,-0.4000000000000057
1061,3,-0.4000000000000057
1062,3,-0.4000000000000057
1063,3,-0.4000000000000057
1064,3,-0.4000000000000057
1065,3,-0.4000000000000057
1066,3,-0.4000000000000057
1067,3,-0.4000000000000057
1068,3,-0.4000000000000057
1069,3,-0.4000000000000057
1070,3,-0.4000000000000057
1071,3,-0.4000000000000057
1072,3,-0.4000000000000057
1073,3,-0.4000000000000057
1074,3,-0.4000000000000057
1075,3,-0.4000000000000057
1076,3,-0.4000000000000057
1077,3,-0.4000000000000057
1078,3,-0.4000000000000057
1079,3,-0.4000000000000057
1080,3,-0.4000000000000057
1081,3,-0.4000000000000057
1082,3,-0.4000000000000057
1083,3,-0.4000000000000057
1084,3,-0.4000000000000057
1085,3,-0.4000000000000057
1086,3,-0.4000000000000057
1087,3,-0.4000000000000057
1088,3,-0.4000000000000057
1089,3,-0.4000000000000057
1090,3,-0.4000000000000057
1091,3,-0.4000000000000057
1092,3,-0.4000000000000057
1093,3,-0.4000000000000057
1094,3,-0.4000000000000057
1095,3,-0.4000000000000057
1096,3,-0.4000000000000057
1097,3,-0.4000000000000057
1098,3,-0.4000000000000057
1099,3,-0.4000000000000057
1100,3,-0.4000000000000057
1101,3,-0.4000000000000057
1102,3,-0.4000000000000057
1103,3,-0.4000000000000057
1104,3,-0.4000000000000057
1105,3,-0.4000000000000057
1106,3,-0.4000000000000057
1107,3,-0.4000000000000057
1108,3,-0.4000000000000057
1109,3,-0.4000000000000057
1110,3,-0.4000000000000057
1111,3,-0.4000000000000057
1112,3,-0.4000000000000057
1113,3,-0.4000000000000057
1114,3,-0.4000000000000057
1115,3,-0.4000000000000057
1116,3,-100
1117,3,6.980073800738009
1118,3,-0.3999999999999986
1119,3,3.2900369003690058
1120,3,-0.3999999999999986
1121,3,-0.3999999999999986
1122,3,3.290036900369005
1123,3,-0.3999999999999986
1124,3,3.290036900369005
1125,3,-0.3999999999999986
1126,3,3.290036900369003
1127,3,-0.4000000000000057
1128,3,3.2900369003689995
1129,3,-0.4000000000000057
1130,3,3.2900369003689995
1131,3,3.2900369003689995
1132,3,3.2900369003689995
1133,3,-0.4000000000000057
1134,3,3.2900369003689995
1135,3,3.290036900368996
1136,3,3.290036900368996
1137,3,3.290036900368996
1138,3,3.290036900368996
1139,3,3.290036900368996
1140,3,3.290036900368996
1141,3,-0.4000000000000057
1142,3,6.980073800737998
1143,3,3.290036900368996
1144,3,-0.4000000000000057
1145,3,3.2900369003690315
1146,3,-0.39999999999997726
1147,3,-0.39999999999997726
1148,3,-0.39999999999997726
1149,3,-0.39999999999997726
1150,3,-0.3999999999999915
1151,3,-0.4000000000000057
1152,3,-0.4000000000000057
1153,3,-0.4000000000000057
1154,3,-0.4000000000000057
1155,3,-0.4000000000000057
1156,3,-0.4000000000000057
1157,3,-0.4000000000000057
1158,3,-0.4000000000000057
1159,3,-0.4000000000000057
1160,3,-0.4000000000000057
1161,3,-0.4000000000000057
1162,3,-0.4000000000000057
1163,3,-0.4000000000000057
1164,3,-0.4000000000000057
1165,3,-0.4000000000000057
1166,3,-0.4000000000000057
1167,3,-0.4000000000000057
1168,3,-0.4000000000000057
1169,3,-0.4000000000000057
1170,3,-0.4000000000000057
1171,3,-0.4000000000000057
1172,3,-0.4000000000000057
1173,3,-0.4000000000000057
1174,3,-0.4000000000000057
1175,3,-0.4000000000000057
1176,3,-0.4000000000000057
1177,3,-0.4000000000000057
1178,3,-0.4000000000000057
1179,3,-0.4000000000000057
1180,3,-0.4000000000000057
1181,3,-0.4000000000000057
1182,3,-0.4000000000000057
1183,3,-0.4000000000000057
1184,3,-0.4000000000000057
1185,3,-0.4000000000000057
1186,3,-0.4000000000000057
1187,3,-0.4000000000000057
1188,3,-0.4000000000000057
1189,3,-0.4000000000000057
1190,3,-0.4000000000000057
1191,3,-0.4000000000000057
1192,3,-0.4000000000000057
1193,3,-0.4000000000000057
1194,3,-0.4000000000000057
