0,1,7.147169811320756
1,4,-0.3999999999999986
2,1,-0.3999999999999986
3,2,-0.3999999999999986
4,0,-0.3999999999999986
5,1,-0.3999999999999986
6,1,-0.3999999999999986
7,1,-0.3999999999999986
8,0,-0.399999999999999
9,4,-0.40000000000000036
10,1,-0.40000000000000036
11,1,-0.40000000000000036
12,0,3.3735849056603784
13,1,-0.3999999999999986
14,0,-0.3999999999999986
15,4,-0.3999999999999986
16,2,-0.3999999999999986
17,2,-0.3999999999999986
18,3,-0.3999999999999999
19,2,-0.40000000000000036
20,4,-0.40000000000000036
21,1,-0.40000000000000036
22,1,-0.40000000000000036
23,4,-0.40000000000000036
24,2,-0.40000000000000036
25,1,-0.40000000000000024
26,2,-0.3999999999999999
27,2,-0.3999999999999999
28,1,-0.4
29,0,-0.39999999999999997
30,3,-0.4
31,1,-0.40000000000000036
32,1,-0.40000000000000036
33,2,-0.40000000000000013
34,1,-0.40000000000000036
35,1,-0.40000000000000036
36,1,-0.40000000000000036
37,1,-0.40000000000000036
38,1,-0.39999999999999947
39,1,-0.3999999999999986
40,1,-0.3999999999999986
41,1,-0.3999999999999986
42,1,-0.3999999999999986
43,1,-0.3999999999999986
44,1,-0.3999999999999986
45,1,-0.3999999999999986
46,1,-0.3999999999999986
47,1,-0.3999999999999986
48,1,-0.3999999999999986
49,1,-0.3999999999999986
50,1,-0.3999999999999986
51,1,-0.3999999999999986
52,1,-0.3999999999999986
53,1,-0.3999999999999986
54,1,-0.3999999999999986
55,1,-0.3999999999999986
56,1,-0.3999999999999986
57,1,-0.3999999999999986
58,1,-0.3999999999999986
59,1,-0.3999999999999986
60,1,-0.3999999999999986
61,1,-0.3999999999999986
62,1,-0.3999999999999986
63,1,-0.3999999999999986
64,1,-0.3999999999999986
65,1,-0.3999999999999986
66,1,-0.3999999999999986
67,1,-0.3999999999999986
68,1,-0.40000000000000213
69,1,-0.4000000000000057
70,1,-0.4000000000000057
71,1,-0.4000000000000057
72,1,-0.4000000000000057
73,1,-0.4000000000000057
74,1,-0.4000000000000057
75,1,3.3735849056603797
76,1,-0.3999999999999986
77,1,-0.40000000000000213
78,1,-0.4000000000000057
79,1,-0.4000000000000057
80,1,-0.4000000000000057
81,1,-0.4000000000000057
82,1,-0.4000000000000057
83,1,-0.4000000000000057
84,1,-0.4000000000000057
85,1,-0.4000000000000057
86,1,-0.4000000000000057
87,1,-0.4000000000000057
88,1,-0.4000000000000057
89,1,-0.4000000000000057
90,1,-0.4000000000000057
91,1,-0.4000000000000057
92,1,-0.4000000000000057
93,1,-0.4000000000000057
94,1,-0.4000000000000057
95,1,-0.4000000000000057
96,1,-0.4000000000000057
97,1,-0.4000000000000057
98,1,-0.4000000000000057
99,1,-0.4000000000000057
100,1,-0.4000000000000057
101,1,-0.4000000000000057
102,1,-0.4000000000000057
103,1,-0.4000000000000057
104,1,-0.4000000000000057
105,1,-0.4000000000000057
106,1,-0.4000000000000057
107,1,-0.4000000000000057
108,1,-0.4000000000000057
109,1,-0.4000000000000057
110,1,-0.4000000000000057
111,1,-0.4000000000000057
112,1,-0.4000000000000057
113,1,-0.4000000000000057
114,1,-0.4000000000000057
115,1,-0.4000000000000057
116,1,-0.4000000000000057
117,1,-0.4000000000000057
118,1,-0.4000000000000057
119,1,-0.4000000000000057
120,1,-0.4000000000000057
121,1,-0.4000000000000057
122,1,-0.4000000000000057
123,1,-0.4000000000000057
124,1,-0.4000000000000057
125,1,-0.4000000000000057
126,1,-0.4000000000000057
127,1,-0.4000000000000057
128,1,-0.4000000000000057
129,1,-0.4000000000000057
130,1,-0.4000000000000057
131,1,-0.4000000000000057
132,1,-0.4000000000000057
133,1,-0.4000000000000057
134,1,-0.4000000000000057
135,1,-0.4000000000000057
136,1,-0.4000000000000057
137,1,-0.4000000000000057
138,1,-0.4000000000000057
139,1,-0.4000000000000057
140,1,-0.4000000000000057
141,1,-0.4000000000000057
142,1,-0.4000000000000057
143,1,-0.4000000000000057
144,1,-0.4000000000000057
145,1,-0.4000000000000057
146,1,-0.4000000000000057
147,1,-0.4000000000000057
148,1,-0.4000000000000057
149,1,-0.4000000000000057
150,1,-0.4000000000000057
151,1,-0.4000000000000057
152,1,-0.4000000000000057
153,1,-0.4000000000000057
154,1,-0.4000000000000057
155,1,-0.4000000000000057
156,1,-0.4000000000000057
157,1,-0.4000000000000057
158,1,-0.4000000000000057
159,1,-0.4000000000000057
160,1,-0.4000000000000057
161,1,-0.4000000000000057
162,1,-0.4000000000000057
163,1,-0.4000000000000057
164,1,-0.4000000000000057
165,1,-0.4000000000000057
166,1,-0.4000000000000057
167,1,-0.4000000000000057
168,1,-0.4000000000000057
169,1,-0.4000000000000057
170,1,-0.4000000000000057
171,1,-0.4000000000000057
172,1,-0.4000000000000057
173,1,-0.4000000000000057
174,1,-0.4000000000000057
175,1,-0.4000000000000057
176,1,-0.4000000000000057
177,1,-0.4000000000000057
178,1,-0.4000000000000057
179,1,-0.4000000000000057
180,1,-0.4000000000000057
181,1,-0.4000000000000057
182,1,-0.4000000000000057
183,1,-0.4000000000000057
184,1,-0.4000000000000057
185,1,-0.4000000000000057
186,1,-0.4000000000000057
187,1,-0.4000000000000057
188,1,-0.4000000000000057
189,1,-0.4000000000000057
190,1,-0.4000000000000057
191,1,-0.4000000000000057
192,1,-0.4000000000000057
193,1,-0.4000000000000057
194,1,-0.4000000000000057
195,1,-0.4000000000000057
196,1,-0.4000000000000057
197,1,-0.3999999999999986
198,1,-0.39999999999997726
199,1,-0.39999999999997726
200,1,-0.39999999999997726
201,1,-0.39999999999997726
202,1,-0.39999999999997726
203,1,-0.39999999999997726
204,1,-0.39999999999997726
205,1,-0.39999999999997726
206,1,-0.39999999999997726
207,1,-0.39999999999997726
208,1,-0.39999999999997726
209,1,-0.39999999999997726
210,1,-0.39999999999997726
211,1,-0.39999999999997726
212,1,-0.39999999999997726
213,1,-0.39999999999997726
214,1,-0.39999999999997726
215,1,-0.39999999999997726
216,1,-0.39999999999997726
217,1,-0.39999999999997726
218,1,-0.39999999999997726
219,1,-0.39999999999997726
220,1,-0.39999999999997726
221,1,-0.39999999999997726
222,1,-0.39999999999997726
223,1,-0.39999999999997726
224,1,-0.39999999999997726
225,1,-0.39999999999997726
226,1,-0.39999999999997726
227,1,-0.39999999999997726
228,1,-0.39999999999997726
229,1,-0.39999999999997726
230,1,-0.39999999999997726
231,1,-0.39999999999997726
232,1,-0.39999999999997726
233,1,-0.39999999999997726
234,1,-0.39999999999997726
235,1,-0.39999999999997726
236,1,-0.39999999999997726
237,1,-0.39999999999997726
238,1,-0.39999999999997726
239,1,-0.39999999999997726
240,1,-0.39999999999997726
241,1,-0.39999999999997726
242,1,-0.39999999999997726
243,1,-0.39999999999997726
244,1,-0.39999999999997726
245,1,-0.39999999999997726
246,1,-0.39999999999997726
247,1,-0.39999999999997726
248,1,-0.39999999999997726
249,1,-0.39999999999997726
250,1,7.062686567164181
251,1,-0.3999999999999986
252,1,-0.3999999999999986
253,1,-0.3999999999999986
254,1,-0.3999999999999986
255,1,-0.3999999999999986
256,1,-0.3999999999999986
257,1,-0.3999999999999986
258,1,-0.39999999999999947
259,1,-0.40000000000000036
260,1,-0.40000000000000036
261,1,-0.40000000000000036
262,1,-0.40000000000000036
263,1,-0.40000000000000036
264,1,-0.40000000000000036
265,1,-0.40000000000000036
266,1,-0.3999999999999999
267,1,-0.3999999999999999
268,1,-0.4
269,1,-0.4
270,1,-0.3999999999999999
271,1,-0.40000000000000036
272,1,-0.40000000000000036
273,1,-0.40000000000000013
274,1,-0.40000000000000036
275,1,-0.40000000000000036
276,1,-0.40000000000000036
277,1,-0.40000000000000036
278,1,-0.3999999999999999
279,1,-0.3999999999999986
280,1,-0.3999999999999986
281,1,-0.3999999999999986
282,1,-0.3999999999999986
283,1,-0.3999999999999986
284,1,-0.3999999999999986
285,1,-0.3999999999999986
286,1,-0.3999999999999986
287,1,-0.3999999999999986
288,1,-0.39999999999999947
289,1,-0.3999999999999986
290,1,-0.3999999999999986
291,1,-0.3999999999999986
292,1,-0.3999999999999986
293,1,-0.3999999999999986
294,1,-0.3999999999999986
295,1,-0.3999999999999986
296,1,-0.3999999999999986
297,1,-0.3999999999999986
298,1,-0.3999999999999986
299,1,-0.3999999999999986
300,1,-0.3999999999999986
301,1,-0.3999999999999986
302,1,-0.3999999999999986
303,1,-0.3999999999999986
304,1,-0.3999999999999986
305,1,-0.3999999999999986
306,1,-0.3999999999999986
307,1,-0.3999999999999986
308,1,-0.40000000000000213
309,1,-0.4000000000000057
310,1,-0.4000000000000057
311,1,-0.4000000000000057
312,1,-0.4000000000000057
313,1,-0.4000000000000057
314,1,-0.4000000000000057
315,1,-0.4000000000000057
316,1,-0.4000000000000057
317,1,-0.4000000000000057
318,1,-0.4000000000000057
319,1,-0.4000000000000057
320,1,-0.4000000000000057
321,1,-0.4000000000000057
322,1,-0.4000000000000057
323,1,-0.4000000000000057
324,1,-0.4000000000000057
325,1,-0.4000000000000057
326,1,-0.4000000000000057
327,1,-0.4000000000000057
328,1,-0.4000000000000057
329,1,-0.4000000000000057
330,1,-0.4000000000000057
331,1,-0.4000000000000057
332,1,-0.4000000000000057
333,1,-0.4000000000000057
334,1,-0.4000000000000057
335,1,-0.4000000000000057
336,1,-0.4000000000000057
337,1,-0.4000000000000057
338,1,-0.4000000000000057
339,1,-0.4000000000000057
340,1,-0.4000000000000057
341,1,-0.4000000000000057
342,1,-0.4000000000000057
343,1,-0.4000000000000057
344,1,-0.4000000000000057
345,1,-0.4000000000000057
346,1,-0.4000000000000057
347,1,-0.4000000000000057
348,1,-0.4000000000000057
349,1,-0.4000000000000057
350,1,-0.4000000000000057
351,1,-0.4000000000000057
352,1,-0.4000000000000057
353,1,-0.4000000000000057
354,1,-0.4000000000000057
355,1,-0.4000000000000057
356,1,-0.4000000000000057
357,1,-0.4000000000000057
358,1,-0.4000000000000057
359,1,-0.4000000000000057
360,1,-0.4000000000000057
361,1,-0.4000000000000057
362,1,-0.4000000000000057
363,1,-0.4000000000000057
364,1,-0.4000000000000057
365,1,-0.4000000000000057
366,1,-0.4000000000000057
367,1,-0.4000000000000057
368,1,-0.4000000000000057
369,1,-0.4000000000000057
370,1,-0.4000000000000057
371,1,-0.4000000000000057
372,1,-0.4000000000000057
373,1,-0.4000000000000057
374,1,-0.4000000000000057
375,1,-0.4000000000000057
376,1,-0.4000000000000057
377,1,-0.4000000000000057
378,1,-0.4000000000000057
379,1,-0.4000000000000057
380,1,-0.4000000000000057
381,1,-0.4000000000000057
382,1,-0.4000000000000057
383,1,-0.4000000000000057
384,1,-0.4000000000000057
385,1,-0.4000000000000057
386,1,-0.4000000000000057
387,1,-0.4000000000000057
388,1,-0.4000000000000057
389,1,-0.4000000000000057
390,1,-0.4000000000000057
391,1,-0.4000000000000057
392,1,-0.4000000000000057
393,1,-0.4000000000000057
394,1,-0.4000000000000057
395,1,-0.4000000000000057
396,1,-0.4000000000000057
397,1,-0.4000000000000057
398,1,-0.4000000000000057
399,1,-0.4000000000000057
400,1,-0.4000000000000057
401,1,-0.4000000000000057
402,1,-0.4000000000000057
403,1,-0.4000000000000057
404,1,-0.4000000000000057
405,1,-0.4000000000000057
406,1,-0.4000000000000057
407,1,-0.4000000000000057
408,1,-0.4000000000000057
409,1,-0.4000000000000057
410,1,-0.4000000000000057
411,1,-0.4000000000000057
412,1,-0.4000000000000057
413,1,-0.4000000000000057
414,1,-0.4000000000000057
415,1,-0.4000000000000057
416,1,-0.4000000000000057
417,1,-0.4000000000000057
418,1,-0.4000000000000057
419,1,-0.4000000000000057
420,1,-0.4000000000000057
421,1,-0.4000000000000057
422,1,-0.4000000000000057
423,1,-0.4000000000000057
424,1,-0.4000000000000057
425,1,-0.4000000000000057
426,1,-0.4000000000000057
427,1,-0.4000000000000057
428,1,-0.3999999999999986
429,1,-0.39999999999997726
430,1,-0.39999999999997726
431,1,-0.39999999999997726
432,1,-0.39999999999997726
433,1,-0.39999999999997726
434,1,-0.39999999999997726
435,1,-0.39999999999997726
436,1,-0.39999999999997726
437,1,-0.39999999999997726
438,1,-0.39999999999997726
439,1,-0.39999999999997726
440,1,-0.39999999999997726
441,1,-0.39999999999997726
442,1,-0.39999999999997726
443,1,-0.39999999999997726
444,1,-0.39999999999997726
445,1,-0.39999999999997726
446,1,-0.39999999999997726
447,1,-0.39999999999997726
448,1,-0.39999999999997726
449,1,-0.39999999999997726
450,1,-0.39999999999997726
451,1,-0.39999999999997726
452,1,-0.39999999999997726
453,1,-0.39999999999997726
454,1,-0.39999999999997726
455,1,-0.39999999999997726
456,1,-0.39999999999997726
457,1,-0.39999999999997726
458,1,-0.39999999999997726
459,1,-0.39999999999997726
460,1,-0.39999999999997726
461,1,-0.39999999999997726
462,1,-0.39999999999997726
463,1,-0.39999999999997726
464,1,-0.39999999999997726
465,1,-0.39999999999997726
466,1,-0.39999999999997726
467,1,-0.39999999999997726
468,1,-0.39999999999997726
469,1,-0.39999999999997726
470,1,-0.39999999999997726
471,1,-0.39999999999997726
472,1,-0.39999999999997726
473,1,-0.39999999999997726
474,1,-0.39999999999997726
475,1,-0.39999999999997726
476,1,-0.39999999999997726
477,1,-0.39999999999997726
478,1,-0.39999999999997726
479,1,-0.39999999999997726
480,1,-0.39999999999997726
481,1,-0.39999999999997726
482,1,-0.39999999999997726
483,1,-0.39999999999997726
484,1,-0.39999999999997726
485,1,-0.39999999999997726
486,1,-0.39999999999997726
487,1,-0.39999999999997726
488,1,-0.39999999999997726
489,1,-0.39999999999997726
490,1,-0.39999999999997726
491,1,-0.39999999999997726
492,1,-0.39999999999997726
493,1,-0.39999999999997726
494,1,-0.39999999999997726
495,1,-0.39999999999997726
496,1,-0.39999999999997726
497,1,-0.39999999999997726
498,1,-0.39999999999997726
499,1,-0.39999999999997726
500,1,5.929113924050634
501,1,-0.3999999999999986
502,1,-0.3999999999999986
503,1,-0.3999999999999986
504,1,-0.3999999999999986
505,1,-0.399999999999999
506,1,-0.40000000000000036
507,1,-0.40000000000000036
508,1,-0.40000000000000036
509,1,-0.40000000000000036
510,1,-0.40000000000000036
511,1,-0.40000000000000036
512,1,-0.40000000000000036
513,1,-0.4
514,1,-0.3999999999999999
515,1,-0.4
516,1,-0.4
517,1,-0.3999999999999999
518,1,-0.40000000000000024
519,1,-0.40000000000000036
520,1,-0.40000000000000013
521,1,-0.40000000000000036
522,1,-0.40000000000000036
523,1,-0.40000000000000036
524,1,-0.40000000000000036
525,1,-0.40000000000000036
526,1,-0.3999999999999986
527,1,-0.3999999999999986
528,1,-0.3999999999999986
529,1,-0.3999999999999986
530,1,-0.3999999999999986
531,1,-0.3999999999999986
532,1,-0.3999999999999986
533,1,-0.3999999999999986
534,1,-0.3999999999999986
535,1,-0.3999999999999986
536,1,-0.3999999999999986
537,1,-0.3999999999999986
538,1,-0.3999999999999986
539,1,-0.3999999999999986
540,1,-0.3999999999999986
541,1,-0.3999999999999986
542,1,-0.3999999999999986
543,1,-0.3999999999999986
544,1,-0.3999999999999986
545,1,-0.3999999999999986
546,1,-0.3999999999999986
547,1,-0.3999999999999986
548,1,-0.3999999999999986
549,1,-0.3999999999999986
550,1,-0.3999999999999986
551,1,-0.3999999999999986
552,1,-0.3999999999999986
553,1,-0.3999999999999986
554,1,-0.3999999999999986
555,1,-0.3999999999999986
556,1,-0.4000000000000057
557,1,-0.4000000000000057
558,1,-0.4000000000000057
559,1,-0.4000000000000057
560,1,-0.4000000000000057
561,1,-0.4000000000000057
562,1,-0.4000000000000057
563,1,-0.4000000000000057
564,1,-0.4000000000000057
565,1,-0.4000000000000057
566,1,-0.4000000000000057
567,1,-0.4000000000000057
568,1,-0.4000000000000057
569,1,-0.4000000000000057
570,1,-0.4000000000000057
571,1,-0.4000000000000057
572,1,-0.4000000000000057
573,1,-0.4000000000000057
574,1,-0.4000000000000057
575,1,-0.4000000000000057
576,1,-0.4000000000000057
577,1,-0.4000000000000057
578,1,-0.4000000000000057
579,1,-0.4000000000000057
580,1,-0.4000000000000057
581,1,-0.4000000000000057
582,1,-0.4000000000000057
583,1,-0.4000000000000057
584,1,-0.4000000000000057
585,1,-0.4000000000000057
586,1,-0.4000000000000057
587,1,-0.4000000000000057
588,1,-0.4000000000000057
589,1,-0.4000000000000057
590,1,-0.4000000000000057
591,1,-0.4000000000000057
592,1,-0.4000000000000057
593,1,-0.4000000000000057
594,1,-0.4000000000000057
595,1,-0.40000000000000213
596,1,-0.4000000000000057
597,1,-0.4000000000000057
598,1,-0.4000000000000057
599,1,-0.4000000000000057
600,1,-0.4000000000000057
601,1,-0.4000000000000057
602,1,-0.4000000000000057
603,1,-0.4000000000000057
604,1,-0.4000000000000057
605,1,-0.4000000000000057
606,1,-0.4000000000000057
607,1,-0.4000000000000057
608,1,-0.4000000000000057
609,1,-0.4000000000000057
610,1,-0.4000000000000057
611,1,-0.4000000000000057
612,1,-0.4000000000000057
613,1,-0.4000000000000057
614,1,-0.4000000000000057
615,1,-0.4000000000000057
616,1,-0.4000000000000057
617,1,-0.4000000000000057
618,1,-0.4000000000000057
619,1,-0.4000000000000057
620,1,-0.4000000000000057
621,1,-0.4000000000000057
622,1,-0.4000000000000057
623,1,-0.4000000000000057
624,1,-0.4000000000000057
625,1,-0.4000000000000057
626,1,-0.4000000000000057
627,1,-0.4000000000000057
628,1,-0.4000000000000057
629,1,-0.4000000000000057
630,1,-0.4000000000000057
631,1,-0.4000000000000057
632,1,-0.4000000000000057
633,1,-0.4000000000000057
634,1,-0.4000000000000057
635,1,-0.4000000000000057
636,1,-0.4000000000000057
637,1,-0.4000000000000057
638,1,-0.4000000000000057
639,1,-0.4000000000000057
640,1,-0.4000000000000057
641,1,-0.4000000000000057
642,1,-0.4000000000000057
643,1,-0.4000000000000057
644,1,-0.4000000000000057
645,1,-0.4000000000000057
646,1,-0.4000000000000057
647,1,-0.4000000000000057
648,1,-0.4000000000000057
649,1,-0.4000000000000057
650,1,-0.4000000000000057
651,1,-0.4000000000000057
652,1,-0.4000000000000057
653,1,-0.4000000000000057
654,1,-0.4000000000000057
655,1,-0.4000000000000057
656,1,-0.4000000000000057
657,1,-0.4000000000000057
658,1,-0.4000000000000057
659,1,-0.4000000000000057
660,1,-0.4000000000000057
661,1,-0.4000000000000057
662,1,-0.4000000000000057
663,1,-0.4000000000000057
664,1,-0.4000000000000057
665,1,-0.4000000000000057
666,1,-0.4000000000000057
667,1,-0.4000000000000057
668,1,-0.4000000000000057
669,1,-0.4000000000000057
670,1,-0.4000000000000057
671,1,-0.4000000000000057
672,1,-0.4000000000000057
673,1,-0.4000000000000057
674,1,-0.4000000000000057
675,1,-0.4000000000000057
676,1,-0.39999999999997726
677,1,-0.39999999999997726
678,1,-0.39999999999997726
679,1,-0.39999999999997726
680,1,-0.39999999999997726
681,1,-0.39999999999997726
682,1,-0.39999999999997726
683,1,-0.39999999999997726
684,1,-0.39999999999997726
685,1,-0.39999999999997726
686,1,-0.39999999999997726
687,1,-0.39999999999997726
688,1,-0.39999999999997726
689,1,-0.39999999999997726
690,1,-0.39999999999997726
691,1,-0.39999999999997726
692,1,-0.39999999999997726
693,1,-0.39999999999997726
694,1,-0.39999999999997726
695,1,-0.39999999999997726
696,1,-0.39999999999997726
697,1,-0.39999999999997726
698,1,-0.39999999999997726
699,1,-0.39999999999997726
700,1,-0.39999999999997726
701,1,-0.39999999999997726
702,1,-0.39999999999997726
703,1,-0.39999999999997726
704,1,-0.39999999999997726
705,1,-0.39999999999997726
706,1,-0.39999999999997726
707,1,-0.39999999999997726
708,1,-0.39999999999997726
709,1,-0.39999999999997726
710,1,-0.39999999999997726
711,1,-0.39999999999997726
712,1,-0.39999999999997726
713,1,-0.39999999999997726
714,1,-0.39999999999997726
715,1,-0.39999999999997726
716,1,-0.39999999999997726
717,1,-0.39999999999997726
718,1,-0.39999999999997726
719,1,-0.39999999999997726
720,1,-0.39999999999997726
721,1,-0.39999999999997726
722,1,-0.39999999999997726
723,1,-0.39999999999997726
724,1,-0.39999999999997726
725,1,-0.39999999999997726
726,1,-0.39999999999997726
727,1,-0.39999999999997726
728,1,-0.39999999999997726
729,1,-0.39999999999997726
730,1,-0.39999999999997726
731,1,-0.39999999999997726
732,1,-0.39999999999997726
733,1,-0.39999999999997726
734,1,-0.39999999999997726
735,1,-0.39999999999997726
736,1,-0.39999999999997726
737,1,-0.39999999999997726
738,1,-0.39999999999997726
739,1,-0.39999999999997726
740,1,-0.39999999999997726
741,1,-0.39999999999997726
742,1,-0.39999999999997726
743,1,-0.39999999999997726
744,1,-0.39999999999997726
