0,1,7.864462809917356
1,2,-0.3999999999999986
2,4,-0.3999999999999986
3,0,-0.3999999999999986
4,3,-0.3999999999999986
5,1,-0.3999999999999986
6,1,-0.3999999999999986
7,1,-0.3999999999999986
8,0,-0.3999999999999986
9,0,-0.3999999999999986
10,0,-0.39999999999999947
11,1,-0.40000000000000036
12,1,-0.40000000000000036
13,3,-0.40000000000000036
14,1,3.7322314049586782
15,0,-0.3999999999999986
16,2,-0.3999999999999986
17,1,-0.3999999999999986
18,4,-0.3999999999999986
19,1,-0.3999999999999986
20,1,-0.399999999999999
21,4,-0.40000000000000036
22,3,-0.40000000000000036
23,4,-0.40000000000000036
24,1,-0.40000000000000036
25,1,-0.40000000000000036
26,1,-0.40000000000000036
27,1,-0.40000000000000036
28,1,-0.4
29,1,-0.3999999999999999
30,1,-0.4
31,1,-0.4000000000000001
32,1,-0.3999999999999999
33,1,-0.40000000000000024
34,1,-0.40000000000000036
35,1,-0.40000000000000013
36,1,-0.40000000000000036
37,1,-0.40000000000000036
38,1,-0.40000000000000036
39,1,-0.40000000000000036
40,1,-0.40000000000000036
41,1,-0.3999999999999986
42,1,3.7322314049586787
43,1,-0.4
44,1,-0.40000000000000036
45,1,-0.40000000000000036
46,1,-0.40000000000000036
47,1,-0.40000000000000036
48,1,-0.40000000000000036
49,1,-0.40000000000000036
50,1,-0.40000000000000036
51,1,-0.39999999999999947
52,1,-0.3999999999999986
53,1,-0.3999999999999986
54,1,-0.3999999999999986
55,1,-0.3999999999999986
56,1,-0.3999999999999986
57,1,-0.3999999999999986
58,1,-0.3999999999999986
59,1,-0.3999999999999986
60,1,-0.3999999999999986
61,1,-0.39999999999999947
62,1,-0.3999999999999986
63,1,-0.3999999999999986
64,1,-0.3999999999999986
65,1,-0.3999999999999986
66,1,-0.3999999999999986
67,1,-0.3999999999999986
68,1,-0.3999999999999986
69,1,-0.3999999999999986
70,1,-0.3999999999999986
71,1,-0.3999999999999986
72,1,3.7322314049586787
73,1,-0.3999999999999986
74,1,-0.3999999999999986
75,1,-0.3999999999999986
76,1,-0.3999999999999986
77,1,-0.3999999999999986
78,1,-0.3999999999999986
79,1,-0.3999999999999986
80,1,-0.3999999999999986
81,1,-0.3999999999999986
82,1,-0.3999999999999986
83,1,-0.3999999999999986
84,1,-0.3999999999999986
85,1,-0.3999999999999986
86,1,-0.3999999999999986
87,1,-0.3999999999999986
88,1,-0.3999999999999986
89,1,-0.3999999999999986
90,1,-0.3999999999999986
91,1,-0.40000000000000213
92,1,-0.4000000000000057
93,1,-0.4000000000000057
94,1,-0.4000000000000057
95,1,-0.4000000000000057
96,1,-0.4000000000000057
97,1,-0.4000000000000057
98,1,-0.4000000000000057
99,1,-0.4000000000000057
100,1,-0.4000000000000057
101,1,-0.4000000000000057
102,1,-0.4000000000000057
103,1,-0.4000000000000057
104,1,-0.4000000000000057
105,1,-0.4000000000000057
106,1,-0.4000000000000057
107,1,-0.4000000000000057
108,1,-0.4000000000000057
109,1,-0.4000000000000057
110,1,-0.4000000000000057
111,1,-0.4000000000000057
112,1,-0.4000000000000057
113,1,-0.4000000000000057
114,1,-0.4000000000000057
115,1,-0.4000000000000057
116,1,-0.4000000000000057
117,1,-0.4000000000000057
118,1,-0.4000000000000057
119,1,-0.4000000000000057
120,1,-0.4000000000000057
121,1,-0.4000000000000057
122,1,-0.4000000000000057
123,1,-0.4000000000000057
124,1,-0.4000000000000057
125,1,-0.4000000000000057
126,1,-0.4000000000000057
127,1,-0.4000000000000057
128,1,-0.4000000000000057
129,1,-0.4000000000000057
130,1,-0.4000000000000057
131,1,-0.4000000000000057
132,1,-0.4000000000000057
133,1,-0.4000000000000057
134,1,-0.4000000000000057
135,1,-0.4000000000000057
136,1,-0.4000000000000057
137,1,-0.4000000000000057
138,1,-0.4000000000000057
139,1,-0.4000000000000057
140,1,-0.4000000000000057
141,1,-0.4000000000000057
142,1,-0.4000000000000057
143,1,-0.4000000000000057
144,1,-0.4000000000000057
145,1,-0.4000000000000057
146,1,-0.4000000000000057
147,1,-0.4000000000000057
148,1,-0.4000000000000057
149,1,-0.4000000000000057
150,1,-0.4000000000000057
151,1,-0.4000000000000057
152,1,-0.4000000000000057
153,1,-0.4000000000000057
154,1,-0.4000000000000057
155,1,-0.4000000000000057
156,1,-0.4000000000000057
157,1,-0.4000000000000057
158,1,-0.4000000000000057
159,1,-0.4000000000000057
160,1,-0.4000000000000057
161,1,-0.4000000000000057
162,1,-0.4000000000000057
163,1,-0.4000000000000057
164,1,-0.4000000000000057
165,1,-0.4000000000000057
166,1,-0.4000000000000057
167,1,-0.4000000000000057
168,1,-0.4000000000000057
169,1,-0.4000000000000057
170,1,-0.4000000000000057
171,1,-0.4000000000000057
172,1,-0.4000000000000057
173,1,-0.4000000000000057
174,1,-0.4000000000000057
175,1,-0.4000000000000057
176,1,-0.4000000000000057
177,1,-0.4000000000000057
178,1,-0.4000000000000057
179,1,-0.4000000000000057
180,1,-0.4000000000000057
181,1,-0.4000000000000057
182,1,-0.4000000000000057
183,1,-0.4000000000000057
184,1,-0.4000000000000057
185,1,-0.4000000000000057
186,1,-0.4000000000000057
187,1,-0.4000000000000057
188,1,-0.4000000000000057
189,1,-0.4000000000000057
190,1,-0.4000000000000057
191,1,-0.4000000000000057
192,1,-0.4000000000000057
193,1,-0.4000000000000057
194,1,-0.4000000000000057
195,1,-0.4000000000000057
196,1,-0.4000000000000057
197,1,-0.4000000000000057
198,1,-0.4000000000000057
199,1,-0.4000000000000057
200,1,-0.4000000000000057
201,1,-0.4000000000000057
202,1,-0.4000000000000057
203,1,-0.4000000000000057
204,1,-0.4000000000000057
205,1,-0.4000000000000057
206,1,-0.4000000000000057
207,1,-0.4000000000000057
208,1,-0.4000000000000057
209,1,-0.4000000000000057
210,1,-0.4000000000000057
211,1,-0.3999999999999915
212,1,-0.39999999999997726
213,1,-0.39999999999997726
214,1,-0.39999999999997726
215,1,-0.39999999999997726
216,1,-0.39999999999997726
217,1,-0.39999999999997726
218,1,-0.39999999999997726
219,1,-0.39999999999997726
220,1,-0.39999999999997726
221,1,-0.39999999999997726
222,1,-0.39999999999997726
223,1,-0.39999999999997726
224,1,-0.39999999999997726
225,1,-0.39999999999997726
226,1,-0.39999999999997726
227,1,-0.39999999999997726
228,1,-0.39999999999997726
229,1,-0.39999999999997726
230,1,-0.39999999999997726
231,1,-0.39999999999997726
232,1,-0.39999999999997726
233,1,-0.39999999999997726
234,1,-0.39999999999997726
235,1,-0.39999999999997726
236,1,-0.39999999999997726
237,1,-0.39999999999997726
238,1,-0.39999999999997726
239,1,-0.39999999999997726
240,1,-0.39999999999997726
241,1,-0.39999999999997726
242,1,-0.39999999999997726
243,1,-0.39999999999997726
244,1,-0.39999999999997726
245,1,-0.39999999999997726
246,1,-0.39999999999997726
247,1,-0.39999999999997726
248,1,-0.39999999999997726
249,1,-0.39999999999997726
250,1,6.692198581560285
251,1,-0.3999999999999986
252,1,-0.3999999999999986
253,1,-0.3999999999999986
254,1,-0.3999999999999986
255,1,-0.3999999999999986
256,1,-0.3999999999999986
257,1,-0.39999999999999947
258,1,-0.40000000000000036
259,1,-0.40000000000000036
260,1,-0.40000000000000036
261,1,-0.40000000000000036
262,1,-0.40000000000000036
263,1,-0.40000000000000036
264,1,-0.40000000000000036
265,1,-0.3999999999999999
266,1,-0.3999999999999999
267,1,-0.4
268,1,-0.4
269,1,-0.3999999999999999
270,1,-0.40000000000000036
271,1,-0.40000000000000036
272,1,-0.40000000000000013
273,1,-0.40000000000000036
274,1,-0.40000000000000036
275,1,-0.40000000000000036
276,1,-0.40000000000000036
277,1,-0.3999999999999999
278,1,-0.3999999999999986
279,1,-0.3999999999999986
280,1,-0.3999999999999986
281,1,-0.3999999999999986
282,1,-0.3999999999999986
283,1,-0.3999999999999986
284,1,-0.3999999999999986
285,1,-0.3999999999999986
286,1,-0.3999999999999986
287,1,-0.39999999999999947
288,1,-0.3999999999999986
289,1,-0.3999999999999986
290,1,-0.3999999999999986
291,1,-0.3999999999999986
292,1,-0.3999999999999986
293,1,-0.3999999999999986
294,1,-0.3999999999999986
295,1,-0.3999999999999986
296,1,-0.3999999999999986
297,1,-0.3999999999999986
298,1,-0.3999999999999986
299,1,-0.3999999999999986
300,1,-0.3999999999999986
301,1,-0.3999999999999986
302,1,-0.3999999999999986
303,1,-0.3999999999999986
304,1,-0.3999999999999986
305,1,-0.3999999999999986
306,1,-0.3999999999999986
307,1,-0.40000000000000036
308,1,-0.4000000000000057
309,1,-0.4000000000000057
310,1,-0.4000000000000057
311,1,-0.4000000000000057
312,1,-0.4000000000000057
313,1,-0.4000000000000057
314,1,-0.4000000000000057
315,1,-0.4000000000000057
316,1,-0.4000000000000057
317,1,-0.4000000000000057
318,1,-0.4000000000000057
319,1,-0.4000000000000057
320,1,-0.4000000000000057
321,1,-0.4000000000000057
322,1,-0.4000000000000057
323,1,-0.4000000000000057
324,1,-0.4000000000000057
325,1,-0.4000000000000057
326,1,-0.4000000000000057
327,1,-0.4000000000000057
328,1,-0.4000000000000057
329,1,-0.4000000000000057
330,1,-0.4000000000000057
331,1,-0.4000000000000057
332,1,-0.4000000000000057
333,1,-0.4000000000000057
334,1,-0.4000000000000057
335,1,-0.4000000000000057
336,1,-0.4000000000000057
337,1,-0.4000000000000057
338,1,-0.4000000000000057
339,1,-0.4000000000000057
340,1,-0.4000000000000057
341,1,-0.4000000000000057
342,1,-0.4000000000000057
343,1,-0.4000000000000057
344,1,-0.4000000000000057
345,1,-0.4000000000000057
346,1,-0.4000000000000057
347,1,-0.4000000000000057
348,1,-0.4000000000000057
349,1,-0.4000000000000057
350,1,-0.4000000000000057
351,1,-0.4000000000000057
352,1,-0.4000000000000057
353,1,-0.4000000000000057
354,1,-0.4000000000000057
355,1,-0.4000000000000057
356,1,-0.4000000000000057
357,1,-0.4000000000000057
358,1,-0.4000000000000057
359,1,-0.4000000000000057
360,1,-0.4000000000000057
361,1,-0.4000000000000057
362,1,-0.4000000000000057
363,1,-0.4000000000000057
364,1,-0.4000000000000057
365,1,-0.4000000000000057
366,1,-0.4000000000000057
367,1,-0.4000000000000057
368,1,-0.4000000000000057
369,1,-0.4000000000000057
370,1,-0.4000000000000057
371,1,-0.4000000000000057
372,1,-0.4000000000000057
373,1,-0.4000000000000057
374,1,-0.4000000000000057
375,1,-0.4000000000000057
376,1,-0.4000000000000057
377,1,-0.4000000000000057
378,1,-0.4000000000000057
379,1,-0.4000000000000057
380,1,-0.4000000000000057
381,1,-0.4000000000000057
382,1,-0.4000000000000057
383,1,-0.4000000000000057
384,1,-0.4000000000000057
385,1,-0.4000000000000057
386,1,-0.4000000000000057
387,1,-0.4000000000000057
388,1,-0.4000000000000057
389,1,-0.4000000000000057
390,1,-0.4000000000000057
391,1,-0.4000000000000057
392,1,-0.4000000000000057
393,1,-0.4000000000000057
394,1,-0.4000000000000057
395,1,-0.4000000000000057
396,1,-0.4000000000000057
397,1,-0.4000000000000057
398,1,-0.4000000000000057
399,1,-0.4000000000000057
400,1,-0.4000000000000057
401,1,-0.4000000000000057
402,1,-0.4000000000000057
403,1,-0.4000000000000057
404,1,-0.4000000000000057
405,1,-0.4000000000000057
406,1,-0.4000000000000057
407,1,-0.4000000000000057
408,1,-0.4000000000000057
409,1,-0.4000000000000057
410,1,-0.4000000000000057
411,1,-0.4000000000000057
412,1,-0.4000000000000057
413,1,-0.4000000000000057
414,1,-0.4000000000000057
415,1,-0.4000000000000057
416,1,-0.4000000000000057
417,1,-0.4000000000000057
418,1,-0.4000000000000057
419,1,-0.4000000000000057
420,1,-0.4000000000000057
421,1,-0.4000000000000057
422,1,-0.4000000000000057
423,1,-0.4000000000000057
424,1,-0.4000000000000057
425,1,-0.4000000000000057
426,1,-0.4000000000000057
427,1,-0.3999999999999986
428,1,-0.39999999999997726
429,1,-0.39999999999997726
430,1,-0.39999999999997726
431,1,-0.39999999999997726
432,1,-0.39999999999997726
433,1,-0.39999999999997726
434,1,-0.39999999999997726
435,1,-0.39999999999997726
436,1,-0.39999999999997726
437,1,-0.39999999999997726
438,1,-0.39999999999997726
439,1,-0.39999999999997726
440,1,-0.39999999999997726
441,1,-0.39999999999997726
442,1,-0.39999999999997726
443,1,-0.39999999999997726
444,1,-0.39999999999997726
445,1,-0.39999999999997726
446,1,-0.39999999999997726
447,1,-0.39999999999997726
448,1,-0.39999999999997726
449,1,-0.39999999999997726
450,1,-0.39999999999997726
451,1,-0.39999999999997726
452,1,-0.39999999999997726
453,1,-0.39999999999997726
454,1,-0.39999999999997726
455,1,-0.39999999999997726
456,1,-0.39999999999997726
457,1,-0.39999999999997726
458,1,-0.39999999999997726
459,1,-0.39999999999997726
460,1,-0.39999999999997726
461,1,-0.39999999999997726
462,1,-0.39999999999997726
463,1,-0.39999999999997726
464,1,-0.39999999999997726
465,1,-0.39999999999997726
466,1,-0.39999999999997726
467,1,-0.39999999999997726
468,1,-0.39999999999997726
469,1,-0.39999999999997726
470,1,-0.39999999999997726
471,1,-0.39999999999997726
472,1,-0.39999999999997726
473,1,-0.39999999999997726
474,1,-0.39999999999997726
475,1,-0.39999999999997726
476,1,-0.39999999999997726
477,1,-0.39999999999997726
478,1,-0.39999999999997726
479,1,-0.39999999999997726
480,1,-0.39999999999997726
481,1,-0.39999999999997726
482,1,-0.39999999999997726
483,1,-0.39999999999997726
484,1,-0.39999999999997726
485,1,-0.39999999999997726
486,1,-0.39999999999997726
487,1,-0.39999999999997726
488,1,-0.39999999999997726
489,1,-0.39999999999997726
490,1,-0.39999999999997726
491,1,-0.39999999999997726
492,1,-0.39999999999997726
493,1,-0.39999999999997726
494,1,-0.39999999999997726
495,1,-0.39999999999997726
496,1,-0.39999999999997726
497,1,-0.39999999999997726
498,1,-0.39999999999997726
499,1,-0.39999999999997726
500,1,6.544444444444446
501,1,-0.3999999999999986
502,1,-0.3999999999999986
503,1,-0.3999999999999986
504,1,-0.3999999999999986
505,1,-0.3999999999999986
506,1,-0.3999999999999986
507,1,-0.3999999999999999
508,1,-0.40000000000000036
509,1,-0.40000000000000036
510,1,-0.40000000000000036
511,1,-0.40000000000000036
512,1,-0.40000000000000036
513,1,-0.40000000000000036
514,1,-0.40000000000000024
515,1,-0.3999999999999999
516,1,-0.3999999999999999
517,1,-0.4
518,1,-0.39999999999999997
519,1,-0.4
520,1,-0.40000000000000036
521,1,-0.40000000000000036
522,1,-0.40000000000000013
523,1,-0.40000000000000036
524,1,-0.40000000000000036
525,1,-0.40000000000000036
526,1,-0.40000000000000036
527,1,-0.39999999999999947
528,1,-0.3999999999999986
529,1,-0.3999999999999986
530,1,-0.3999999999999986
531,1,-0.3999999999999986
532,1,-0.3999999999999986
533,1,-0.3999999999999986
534,1,-0.3999999999999986
535,1,-0.3999999999999986
536,1,-0.3999999999999986
537,1,-0.3999999999999986
538,1,-0.3999999999999986
539,1,-0.3999999999999986
540,1,-0.3999999999999986
541,1,-0.3999999999999986
542,1,-0.3999999999999986
543,1,-0.3999999999999986
544,1,-0.3999999999999986
545,1,-0.3999999999999986
546,1,-0.3999999999999986
547,1,-0.3999999999999986
548,1,-0.3999999999999986
549,1,-0.3999999999999986
550,1,-0.3999999999999986
551,1,-0.3999999999999986
552,1,-0.3999999999999986
553,1,-0.3999999999999986
554,1,-0.3999999999999986
555,1,-0.3999999999999986
556,1,-0.3999999999999986
557,1,-0.40000000000000213
558,1,-0.4000000000000057
559,1,-0.4000000000000057
560,1,-0.4000000000000057
561,1,-0.4000000000000057
562,1,-0.4000000000000057
563,1,-0.4000000000000057
564,1,-0.4000000000000057
565,1,-0.4000000000000057
566,1,-0.4000000000000057
567,1,-0.4000000000000057
568,1,-0.4000000000000057
569,1,-0.4000000000000057
570,1,-0.4000000000000057
571,1,-0.4000000000000057
572,1,-0.4000000000000057
573,1,-0.4000000000000057
574,1,-0.4000000000000057
575,1,-0.4000000000000057
576,1,-0.4000000000000057
577,1,-0.4000000000000057
578,1,-0.4000000000000057
579,1,-0.4000000000000057
580,1,-0.4000000000000057
581,1,-0.4000000000000057
582,1,-0.4000000000000057
583,1,-0.4000000000000057
584,1,-0.4000000000000057
585,1,-0.4000000000000057
586,1,-0.4000000000000057
587,1,-0.4000000000000057
588,1,-0.4000000000000057
589,1,-0.4000000000000057
590,1,-0.4000000000000057
591,1,-0.4000000000000057
592,1,-0.4000000000000057
593,1,-0.4000000000000057
594,1,-0.4000000000000057
595,1,-0.4000000000000057
596,1,-0.4000000000000057
597,1,-0.4000000000000057
598,1,-0.4000000000000057
599,1,-0.4000000000000057
600,1,-0.4000000000000057
601,1,-0.4000000000000057
602,1,-0.4000000000000057
603,1,-0.4000000000000057
604,1,-0.4000000000000057
605,1,-0.4000000000000057
606,1,-0.4000000000000057
607,1,-0.4000000000000057
608,1,-0.4000000000000057
609,1,-0.4000000000000057
610,1,-0.4000000000000057
611,1,-0.4000000000000057
612,1,-0.4000000000000057
613,1,-0.4000000000000057
614,1,-0.4000000000000057
615,1,-0.4000000000000057
616,1,-0.4000000000000057
617,1,-0.4000000000000057
618,1,-0.4000000000000057
619,1,-0.4000000000000057
620,1,-0.4000000000000057
621,1,-0.4000000000000057
622,1,-0.4000000000000057
623,1,-0.4000000000000057
624,1,-0.4000000000000057
625,1,-0.4000000000000057
626,1,-0.4000000000000057
627,1,-0.4000000000000057
628,1,-0.4000000000000057
629,1,-0.4000000000000057
630,1,-0.4000000000000057
631,1,-0.4000000000000057
632,1,-0.4000000000000057
633,1,-0.4000000000000057
634,1,-0.4000000000000057
635,1,-0.4000000000000057
636,1,-0.4000000000000057
637,1,-0.4000000000000057
638,1,-0.4000000000000057
639,1,-0.4000000000000057
640,1,-0.4000000000000057
641,1,-0.4000000000000057
642,1,-0.4000000000000057
643,1,-0.4000000000000057
644,1,-0.4000000000000057
645,1,-0.4000000000000057
646,1,-0.4000000000000057
647,1,-0.4000000000000057
648,1,-0.4000000000000057
649,1,-0.4000000000000057
650,1,-0.4000000000000057
651,1,-0.4000000000000057
652,1,-0.4000000000000057
653,1,-0.4000000000000057
654,1,-0.4000000000000057
655,1,-0.4000000000000057
656,1,-0.4000000000000057
657,1,-0.4000000000000057
658,1,-0.4000000000000057
659,1,-0.4000000000000057
660,1,-0.4000000000000057
661,1,-0.4000000000000057
662,1,-0.4000000000000057
663,1,-0.4000000000000057
664,1,-0.4000000000000057
665,1,-0.4000000000000057
666,1,-0.4000000000000057
667,1,-0.4000000000000057
668,1,-0.4000000000000057
669,1,-0.4000000000000057
670,1,-0.4000000000000057
671,1,-0.4000000000000057
672,1,-0.4000000000000057
673,1,-0.4000000000000057
674,1,-0.4000000000000057
675,1,-0.4000000000000057
676,1,-0.4000000000000057
677,1,-0.39999999999998437
678,1,-0.39999999999997726
679,1,-0.39999999999997726
680,1,-0.39999999999997726
681,1,-0.39999999999997726
682,1,-0.39999999999997726
683,1,-0.39999999999997726
684,1,-0.39999999999997726
685,1,-0.39999999999997726
686,1,-0.39999999999997726
687,1,-0.39999999999997726
688,1,-0.39999999999997726
689,1,-0.39999999999997726
690,1,-0.39999999999997726
691,1,-0.39999999999997726
692,1,-0.39999999999997726
693,1,-0.39999999999997726
694,1,-0.39999999999997726
695,1,-0.39999999999997726
696,1,-0.39999999999997726
697,1,-0.39999999999997726
698,1,-0.39999999999997726
699,1,-0.39999999999997726
700,1,-0.39999999999997726
701,1,-0.39999999999997726
702,1,-0.39999999999997726
703,1,-0.39999999999997726
704,1,-0.39999999999997726
705,1,-0.39999999999997726
706,1,-0.39999999999997726
707,1,-0.39999999999997726
708,1,-0.39999999999997726
709,1,-0.39999999999997726
710,1,-0.39999999999997726
711,1,-0.39999999999997726
712,1,-0.39999999999997726
713,1,-0.39999999999997726
714,1,-0.39999999999997726
715,1,-0.39999999999997726
716,1,-0.39999999999997726
717,1,-0.39999999999997726
718,1,-0.39999999999997726
719,1,-0.39999999999997726
720,1,-0.39999999999997726
721,1,-0.39999999999997726
722,1,-0.39999999999997726
723,1,-0.39999999999997726
724,1,-0.39999999999997726
725,1,-0.39999999999997726
726,1,-0.39999999999997726
727,1,-0.39999999999997726
728,1,-0.39999999999997726
729,1,-0.39999999999997726
730,1,-0.39999999999997726
731,1,-0.39999999999997726
732,1,-0.39999999999997726
733,1,-0.39999999999997726
734,1,-0.39999999999997726
735,1,-0.39999999999997726
736,1,-0.39999999999997726
737,1,-0.39999999999997726
738,1,-0.39999999999997726
739,1,-0.39999999999997726
740,1,-0.39999999999997726
741,1,-0.39999999999997726
742,1,-0.39999999999997726
743,1,-0.39999999999997726
744,1,-0.39999999999997726
745,1,-0.39999999999997726
746,1,-0.39999999999997726
747,1,-0.39999999999997726
748,1,-0.39999999999997726
749,1,-0.39999999999997726
750,1,6.742857142857145
751,1,-0.3999999999999986
752,1,-0.3999999999999986
753,1,-0.3999999999999986
754,1,-0.3999999999999986
755,1,-0.3999999999999986
756,1,-0.3999999999999986
757,1,-0.399999999999999
758,1,-0.40000000000000036
759,1,-0.40000000000000036
760,1,-0.40000000000000036
761,1,-0.40000000000000036
762,1,-0.40000000000000036
763,1,-0.40000000000000036
764,1,-0.40000000000000036
765,1,-0.4
766,1,-0.3999999999999999
767,1,-0.4
768,1,-0.4
769,1,-0.3999999999999999
770,1,-0.40000000000000024
771,1,-0.40000000000000036
772,1,-0.40000000000000013
773,1,-0.40000000000000036
774,1,-0.40000000000000036
775,1,-0.40000000000000036
776,1,-0.40000000000000036
777,1,-0.40000000000000036
778,1,-0.3999999999999986
779,1,-0.3999999999999986
780,1,-0.3999999999999986
781,1,-0.3999999999999986
782,1,-0.3999999999999986
783,1,-0.3999999999999986
784,1,-0.3999999999999986
785,1,-0.3999999999999986
786,1,-0.3999999999999986
787,1,-0.39999999999999947
788,1,-0.3999999999999986
789,1,-0.3999999999999986
790,1,-0.3999999999999986
791,1,-0.3999999999999986
792,1,-0.3999999999999986
793,1,-0.3999999999999986
794,1,-0.3999999999999986
795,1,-0.3999999999999986
796,1,-0.3999999999999986
797,1,-0.3999999999999986
798,1,-0.3999999999999986
799,1,-0.3999999999999986
800,1,-0.3999999999999986
801,1,-0.3999999999999986
802,1,-0.3999999999999986
803,1,-0.3999999999999986
804,1,-0.3999999999999986
805,1,-0.3999999999999986
806,1,-0.3999999999999986
807,1,-0.40000000000000036
808,1,-0.4000000000000057
809,1,-0.4000000000000057
810,1,-0.4000000000000057
811,1,-0.4000000000000057
812,1,-0.4000000000000057
813,1,-0.4000000000000057
814,1,-0.4000000000000057
815,1,-0.4000000000000057
816,1,-0.4000000000000057
817,1,-0.4000000000000057
818,1,-0.4000000000000057
819,1,-0.4000000000000057
820,1,-0.4000000000000057
821,1,-0.4000000000000057
822,1,-0.4000000000000057
823,1,-0.4000000000000057
824,1,-0.4000000000000057
825,1,-0.4000000000000057
826,1,-0.4000000000000057
827,1,-0.4000000000000057
828,1,-0.4000000000000057
829,1,-0.4000000000000057
830,1,-0.4000000000000057
831,1,-0.4000000000000057
832,1,-0.4000000000000057
833,1,-0.4000000000000057
834,1,-0.4000000000000057
835,1,-0.4000000000000057
836,1,-0.4000000000000057
837,1,-0.4000000000000057
838,1,-0.4000000000000057
839,1,-0.4000000000000057
840,1,-0.4000000000000057
841,1,-0.4000000000000057
842,1,-0.4000000000000057
843,1,-0.4000000000000057
844,1,-0.4000000000000057
845,1,-0.4000000000000057
846,1,-0.4000000000000057
847,1,-0.40000000000000213
848,1,-0.4000000000000057
849,1,-0.4000000000000057
850,1,-0.4000000000000057
851,1,-0.4000000000000057
852,1,-0.4000000000000057
853,1,-0.4000000000000057
854,1,-0.4000000000000057
855,1,-0.4000000000000057
856,1,-0.4000000000000057
857,1,-0.4000000000000057
858,1,-0.4000000000000057
859,1,-0.4000000000000057
860,1,-0.4000000000000057
861,1,-0.4000000000000057
862,1,-0.4000000000000057
863,1,-0.4000000000000057
864,1,-0.4000000000000057
865,1,-0.4000000000000057
866,1,-0.4000000000000057
867,1,-0.4000000000000057
868,1,-0.4000000000000057
869,1,-0.4000000000000057
870,1,-0.4000000000000057
871,1,-0.4000000000000057
872,1,-0.4000000000000057
873,1,-0.4000000000000057
874,1,-0.4000000000000057
875,1,-0.4000000000000057
876,1,-0.4000000000000057
877,1,-0.4000000000000057
878,1,-0.4000000000000057
879,1,-0.4000000000000057
880,1,-0.4000000000000057
881,1,-0.4000000000000057
882,1,-0.4000000000000057
883,1,-0.4000000000000057
884,1,-0.4000000000000057
885,1,-0.4000000000000057
886,1,-0.4000000000000057
887,1,-0.4000000000000057
888,1,-0.4000000000000057
889,1,-0.4000000000000057
890,1,-0.4000000000000057
891,1,-0.4000000000000057
892,1,-0.4000000000000057
893,1,-0.4000000000000057
894,1,-0.4000000000000057
895,1,-0.4000000000000057
896,1,-0.4000000000000057
897,1,-0.4000000000000057
898,1,-0.4000000000000057
899,1,-0.4000000000000057
900,1,-0.4000000000000057
901,1,-0.4000000000000057
902,1,-0.4000000000000057
903,1,-0.4000000000000057
904,1,-0.4000000000000057
905,1,-0.4000000000000057
906,1,-0.4000000000000057
907,1,-0.4000000000000057
908,1,-0.4000000000000057
909,1,-0.4000000000000057
910,1,-0.4000000000000057
911,1,-0.4000000000000057
912,1,-0.4000000000000057
913,1,-0.4000000000000057
914,1,-0.4000000000000057
915,1,-0.4000000000000057
916,1,-0.4000000000000057
917,1,-0.4000000000000057
918,1,-0.4000000000000057
919,1,-0.4000000000000057
920,1,-0.4000000000000057
921,1,-0.4000000000000057
922,1,-0.4000000000000057
923,1,-0.4000000000000057
924,1,-0.4000000000000057
925,1,-0.4000000000000057
926,1,-0.4000000000000057
927,1,-0.4000000000000057
928,1,-0.39999999999997726
929,1,-0.39999999999997726
930,1,-0.39999999999997726
931,1,-0.39999999999997726
932,1,-0.39999999999997726
933,1,-0.39999999999997726
934,1,-0.39999999999997726
935,1,-0.39999999999997726
936,1,-0.39999999999997726
937,1,-0.39999999999997726
938,1,-0.39999999999997726
939,1,-0.39999999999997726
940,1,-0.39999999999997726
941,1,-0.39999999999997726
942,1,-0.39999999999997726
943,1,-0.39999999999997726
944,1,-0.39999999999997726
945,1,-0.39999999999997726
946,1,-0.39999999999997726
947,1,-0.39999999999997726
948,1,-0.39999999999997726
949,1,-0.39999999999997726
950,1,-0.39999999999997726
951,1,-0.39999999999997726
952,1,-0.39999999999997726
953,1,-0.39999999999997726
954,1,-0.39999999999997726
955,1,-0.39999999999997726
956,1,-0.39999999999997726
957,1,-0.39999999999997726
958,1,-0.39999999999997726
959,1,-0.39999999999997726
960,1,-0.39999999999997726
961,1,-0.39999999999997726
962,1,-0.39999999999997726
963,1,-0.39999999999997726
964,1,-0.39999999999997726
965,1,-0.39999999999997726
966,1,-0.39999999999997726
967,1,-0.39999999999997726
968,1,-0.39999999999997726
969,1,-0.39999999999997726
970,1,-0.39999999999997726
971,1,-0.39999999999997726
972,1,-0.39999999999997726
973,1,-0.39999999999997726
974,1,-0.39999999999997726
975,1,-0.39999999999997726
976,1,-0.39999999999997726
977,1,-0.39999999999997726
978,1,-0.39999999999997726
979,1,-0.39999999999997726
980,1,-0.39999999999997726
981,1,-0.39999999999997726
982,1,-0.39999999999997726
983,1,-0.39999999999997726
984,1,-0.39999999999997726
985,1,-0.39999999999997726
986,1,-0.39999999999997726
987,1,-0.39999999999997726
988,1,-0.39999999999997726
989,1,-0.39999999999997726
990,1,-0.39999999999997726
991,1,-0.39999999999997726
992,1,-0.39999999999997726
993,1,-0.39999999999997726
994,1,-0.39999999999997726
995,1,-0.39999999999997726
996,1,-0.39999999999997726
997,1,-0.39999999999997726
998,1,-0.39999999999997726
999,1,-0.39999999999997726
1000,1,6.425938566552903
1001,1,-0.3999999999999986
1002,1,-0.3999999999999986
1003,1,-0.3999999999999986
1004,1,-0.3999999999999986
1005,1,-0.3999999999999986
1006,1,-0.3999999999999986
1007,1,-0.40000000000000036
1008,1,-0.40000000000000036
1009,1,-0.40000000000000036
1010,1,-0.40000000000000036
1011,1,-0.40000000000000036
1012,1,-0.40000000000000036
1013,1,-0.40000000000000036
1014,1,-0.40000000000000013
1015,1,-0.3999999999999999
1016,1,-0.4
1017,1,-0.4000000000000001
1018,1,-0.3999999999999999
1019,1,-0.40000000000000013
1020,1,-0.40000000000000036
1021,1,-0.40000000000000036
1022,1,-0.40000000000000013
1023,1,-0.40000000000000036
1024,1,-0.40000000000000036
1025,1,-0.40000000000000036
1026,1,-0.40000000000000036
1027,1,-0.399999999999999
1028,1,-0.3999999999999986
1029,1,-0.3999999999999986
1030,1,-0.3999999999999986
1031,1,-0.3999999999999986
1032,1,-0.3999999999999986
1033,1,-0.3999999999999986
1034,1,-0.3999999999999986
1035,1,-0.3999999999999986
1036,1,-0.3999999999999986
1037,1,-0.3999999999999986
1038,1,-0.3999999999999986
1039,1,-0.3999999999999986
1040,1,-0.3999999999999986
1041,1,-0.3999999999999986
1042,1,-0.3999999999999986
1043,1,-0.3999999999999986
1044,1,-0.3999999999999986
1045,1,-0.3999999999999986
1046,1,-0.3999999999999986
1047,1,-0.3999999999999986
1048,1,-0.3999999999999986
1049,1,-0.3999999999999986
1050,1,-0.3999999999999986
1051,1,-0.3999999999999986
1052,1,-0.3999999999999986
1053,1,-0.3999999999999986
1054,1,-0.3999999999999986
1055,1,-0.3999999999999986
1056,1,-0.3999999999999986
1057,1,-0.4000000000000057
1058,1,-0.4000000000000057
1059,1,-0.4000000000000057
1060,1,-0.4000000000000057
1061,1,-0.4000000000000057
1062,1,-0.4000000000000057
1063,1,-0.4000000000000057
1064,1,-0.4000000000000057
1065,1,-0.4000000000000057
1066,1,-0.4000000000000057
1067,1,-0.4000000000000057
1068,1,-0.4000000000000057
1069,1,-0.4000000000000057
1070,1,-0.4000000000000057
1071,1,-0.4000000000000057
1072,1,-0.4000000000000057
1073,1,-0.4000000000000057
1074,1,-0.4000000000000057
1075,1,-0.4000000000000057
1076,1,-0.4000000000000057
1077,1,-0.4000000000000057
1078,1,-0.4000000000000057
1079,1,-0.4000000000000057
1080,1,-0.4000000000000057
1081,1,-0.4000000000000057
1082,1,-0.4000000000000057
1083,1,-0.4000000000000057
1084,1,-0.4000000000000057
1085,1,-0.4000000000000057
1086,1,-0.4000000000000057
1087,1,-0.4000000000000057
1088,1,-0.4000000000000057
1089,1,-0.4000000000000057
1090,1,-0.4000000000000057
1091,1,-0.4000000000000057
1092,1,-0.4000000000000057
1093,1,-0.4000000000000057
1094,1,-0.4000000000000057
1095,1,-0.4000000000000057
1096,1,-0.4000000000000057
1097,1,-0.40000000000000213
1098,1,-0.4000000000000057
1099,1,-0.4000000000000057
1100,1,-0.4000000000000057
1101,1,-0.4000000000000057
1102,1,-0.4000000000000057
1103,1,-0.4000000000000057
1104,1,-0.4000000000000057
1105,1,-0.4000000000000057
1106,1,-0.4000000000000057
1107,1,-0.4000000000000057
1108,1,-0.4000000000000057
1109,1,-0.4000000000000057
1110,1,-0.4000000000000057
1111,1,-0.4000000000000057
1112,1,-0.4000000000000057
1113,1,-0.4000000000000057
1114,1,-0.4000000000000057
1115,1,-0.4000000000000057
1116,1,-0.4000000000000057
1117,1,-0.4000000000000057
1118,1,-0.4000000000000057
1119,1,-0.4000000000000057
1120,1,-0.4000000000000057
1121,1,-0.4000000000000057
1122,1,-0.4000000000000057
1123,1,-0.4000000000000057
1124,1,-0.4000000000000057
1125,1,-0.4000000000000057
1126,1,-0.4000000000000057
1127,1,-0.4000000000000057
1128,1,-0.4000000000000057
1129,1,-0.4000000000000057
1130,1,-0.4000000000000057
1131,1,-0.4000000000000057
1132,1,-0.4000000000000057
1133,1,-0.4000000000000057
1134,1,-0.4000000000000057
1135,1,-0.4000000000000057
1136,1,-0.4000000000000057
1137,1,-0.4000000000000057
1138,1,-0.4000000000000057
1139,1,-0.4000000000000057
1140,1,-0.4000000000000057
1141,1,-0.4000000000000057
1142,1,-0.4000000000000057
1143,1,-0.4000000000000057
1144,1,-0.4000000000000057
1145,1,-0.4000000000000057
1146,1,-0.4000000000000057
1147,1,-0.4000000000000057
1148,1,-0.4000000000000057
1149,1,-0.4000000000000057
1150,1,-0.4000000000000057
1151,1,-0.4000000000000057
1152,1,-0.4000000000000057
1153,1,-0.4000000000000057
1154,1,-0.4000000000000057
1155,1,-0.4000000000000057
1156,1,-0.4000000000000057
1157,1,-0.4000000000000057
1158,1,-0.4000000000000057
1159,1,-0.4000000000000057
1160,1,-0.4000000000000057
1161,1,-0.4000000000000057
1162,1,-0.4000000000000057
1163,1,-0.4000000000000057
1164,1,-0.4000000000000057
1165,1,-0.4000000000000057
1166,1,-0.4000000000000057
1167,1,-0.4000000000000057
1168,1,-0.4000000000000057
1169,1,-0.4000000000000057
1170,1,-0.4000000000000057
1171,1,-0.4000000000000057
1172,1,-0.4000000000000057
1173,1,-0.4000000000000057
1174,1,-0.4000000000000057
1175,1,-0.4000000000000057
1176,1,-0.4000000000000057
1177,1,-0.39999999999997726
1178,1,-0.39999999999997726
1179,1,-0.39999999999997726
1180,1,-0.39999999999997726
1181,1,-0.39999999999997726
1182,1,-0.39999999999997726
1183,1,-0.39999999999997726
1184,1,-0.39999999999997726
1185,1,-0.39999999999997726
1186,1,-0.39999999999997726
1187,1,-0.39999999999997726
1188,1,-0.39999999999997726
1189,1,-0.39999999999997726
1190,1,-0.39999999999997726
1191,1,-0.39999999999997726
1192,1,-0.39999999999997726
1193,1,-0.39999999999997726
1194,1,-0.39999999999997726
1195,1,-0.39999999999997726
1196,1,-0.39999999999997726
1197,1,-0.39999999999997726
1198,1,-0.39999999999997726
1199,1,-0.39999999999997726
1200,1,-0.39999999999997726
1201,1,-0.39999999999997726
1202,1,-0.39999999999997726
1203,1,-0.39999999999997726
1204,1,-0.39999999999997726
1205,1,-0.39999999999997726
1206,1,-0.39999999999997726
1207,1,-0.39999999999997726
1208,1,-0.39999999999997726
1209,1,-0.39999999999997726
1210,1,-0.39999999999997726
1211,1,-0.39999999999997726
1212,1,-0.39999999999997726
1213,1,-0.39999999999997726
1214,1,-0.39999999999997726
1215,1,-0.39999999999997726
1216,1,-0.39999999999997726
1217,1,-0.39999999999997726
1218,1,-0.39999999999997726
1219,1,-0.39999999999997726
1220,1,-0.39999999999997726
1221,1,-0.39999999999997726
1222,1,-0.39999999999997726
1223,1,-0.39999999999997726
1224,1,-0.39999999999997726
1225,1,-0.39999999999997726
1226,1,-0.39999999999997726
1227,1,-0.39999999999997726
1228,1,-0.39999999999997726
1229,1,-0.39999999999997726
1230,1,-0.39999999999997726
1231,1,-0.39999999999997726
1232,1,-0.39999999999997726
1233,1,-0.39999999999997726
1234,1,-0.39999999999997726
1235,1,-0.39999999999997726
1236,1,-0.39999999999997726
1237,1,-0.39999999999997726
1238,1,-0.39999999999997726
1239,1,-0.39999999999997726
1240,1,-0.39999999999997726
1241,1,-0.39999999999997726
1242,1,-0.39999999999997726
1243,1,-0.39999999999997726
1244,1,-0.39999999999997726
1245,1,-0.39999999999997726
1246,1,-0.39999999999997726
1247,1,-0.39999999999997726
1248,1,-0.39999999999997726
1249,1,-0.39999999999997726
1250,1,5.534718100890209
1251,1,-0.3999999999999986
1252,1,-0.3999999999999986
1253,1,-0.3999999999999986
1254,1,-0.399999999999999
1255,1,-0.40000000000000036
1256,1,-0.40000000000000036
1257,1,-0.40000000000000036
1258,1,-0.40000000000000036
1259,1,-0.40000000000000036
1260,1,-0.40000000000000036
1261,1,-0.40000000000000036
1262,1,-0.4
1263,1,-0.3999999999999999
1264,1,-0.4
1265,1,-0.4
1266,1,-0.3999999999999999
1267,1,-0.40000000000000024
1268,1,-0.40000000000000036
1269,1,-0.40000000000000013
1270,1,-0.40000000000000036
1271,1,-0.40000000000000036
1272,1,-0.40000000000000036
1273,1,-0.40000000000000036
1274,1,-0.40000000000000036
1275,1,-0.3999999999999986
1276,1,-0.3999999999999986
1277,1,-0.3999999999999986
1278,1,-0.3999999999999986
1279,1,-0.3999999999999986
1280,1,-0.3999999999999986
1281,1,-0.3999999999999986
1282,1,-0.3999999999999986
1283,1,-0.3999999999999986
1284,1,-0.39999999999999947
1285,1,-0.3999999999999986
1286,1,-0.3999999999999986
1287,1,-0.3999999999999986
1288,1,-0.3999999999999986
1289,1,-0.3999999999999986
1290,1,-0.3999999999999986
1291,1,-0.3999999999999986
1292,1,-0.3999999999999986
1293,1,-0.3999999999999986
1294,1,-0.3999999999999986
1295,1,-0.3999999999999986
1296,1,-0.3999999999999986
1297,1,-0.3999999999999986
1298,1,-0.3999999999999986
1299,1,-0.3999999999999986
1300,1,-0.3999999999999986
1301,1,-0.3999999999999986
1302,1,-0.3999999999999986
1303,1,-0.3999999999999986
1304,1,-0.3999999999999986
1305,1,-0.4000000000000057
1306,1,-0.4000000000000057
1307,1,-0.4000000000000057
1308,1,-0.4000000000000057
1309,1,-0.4000000000000057
1310,1,-0.4000000000000057
1311,1,-0.4000000000000057
1312,1,-0.4000000000000057
1313,1,-0.4000000000000057
1314,1,-0.4000000000000057
1315,1,-0.4000000000000057
1316,1,-0.4000000000000057
1317,1,-0.4000000000000057
1318,1,-0.4000000000000057
1319,1,-0.4000000000000057
1320,1,-0.4000000000000057
1321,1,-0.4000000000000057
1322,1,-0.4000000000000057
1323,1,-0.4000000000000057
1324,1,-0.4000000000000057
1325,1,-0.4000000000000057
1326,1,-0.4000000000000057
1327,1,-0.4000000000000057
1328,1,-0.4000000000000057
1329,1,-0.4000000000000057
1330,1,-0.4000000000000057
1331,1,-0.4000000000000057
1332,1,-0.4000000000000057
1333,1,-0.4000000000000057
1334,1,-0.4000000000000057
1335,1,-0.4000000000000057
1336,1,-0.4000000000000057
1337,1,-0.4000000000000057
1338,1,-0.4000000000000057
1339,1,-0.4000000000000057
1340,1,-0.4000000000000057
1341,1,-0.4000000000000057
1342,1,-0.4000000000000057
1343,1,-0.4000000000000057
1344,1,-0.4000000000000057
1345,1,-0.4000000000000057
1346,1,-0.4000000000000057
1347,1,-0.4000000000000057
1348,1,-0.4000000000000057
1349,1,-0.4000000000000057
1350,1,-0.4000000000000057
1351,1,-0.4000000000000057
1352,1,-0.4000000000000057
1353,1,-0.4000000000000057
1354,1,-0.4000000000000057
1355,1,-0.4000000000000057
1356,1,-0.4000000000000057
1357,1,-0.4000000000000057
1358,1,-0.4000000000000057
1359,1,-0.4000000000000057
1360,1,-0.4000000000000057
1361,1,-0.4000000000000057
1362,1,-0.4000000000000057
1363,1,-0.4000000000000057
1364,1,-0.4000000000000057
1365,1,-0.4000000000000057
1366,1,-0.4000000000000057
1367,1,-0.4000000000000057
1368,1,-0.4000000000000057
1369,1,-0.4000000000000057
1370,1,-0.4000000000000057
1371,1,-0.4000000000000057
1372,1,-0.4000000000000057
1373,1,-0.4000000000000057
1374,1,-0.4000000000000057
1375,1,-0.4000000000000057
1376,1,-0.4000000000000057
1377,1,-0.4000000000000057
1378,1,-0.4000000000000057
1379,1,-0.4000000000000057
1380,1,-0.4000000000000057
1381,1,-0.4000000000000057
1382,1,-0.4000000000000057
1383,1,-0.4000000000000057
1384,1,-0.4000000000000057
1385,1,-0.4000000000000057
1386,1,-0.4000000000000057
1387,1,-0.4000000000000057
1388,1,-0.4000000000000057
1389,1,-0.4000000000000057
1390,1,-0.4000000000000057
1391,1,-0.4000000000000057
1392,1,-0.4000000000000057
1393,1,-0.4000000000000057
1394,1,-0.4000000000000057
1395,1,-0.4000000000000057
1396,1,-0.4000000000000057
1397,1,-0.4000000000000057
1398,1,-0.4000000000000057
1399,1,-0.4000000000000057
1400,1,-0.4000000000000057
1401,1,-0.4000000000000057
1402,1,-0.4000000000000057
1403,1,-0.4000000000000057
1404,1,-0.4000000000000057
1405,1,-0.4000000000000057
1406,1,-0.4000000000000057
1407,1,-0.4000000000000057
1408,1,-0.4000000000000057
1409,1,-0.4000000000000057
1410,1,-0.4000000000000057
1411,1,-0.4000000000000057
1412,1,-0.4000000000000057
1413,1,-0.4000000000000057
1414,1,-0.4000000000000057
1415,1,-0.4000000000000057
1416,1,-0.4000000000000057
1417,1,-0.4000000000000057
1418,1,-0.4000000000000057
1419,1,-0.4000000000000057
1420,1,-0.4000000000000057
1421,1,-0.4000000000000057
1422,1,-0.4000000000000057
1423,1,-0.4000000000000057
1424,1,-0.4000000000000057
1425,1,-0.39999999999997726
1426,1,-0.39999999999997726
1427,1,-0.39999999999997726
1428,1,-0.39999999999997726
1429,1,-0.39999999999997726
1430,1,-0.39999999999997726
1431,1,-0.39999999999997726
1432,1,-0.39999999999997726
1433,1,-0.39999999999997726
1434,1,-0.39999999999997726
1435,1,-0.39999999999997726
1436,1,-0.39999999999997726
1437,1,-0.39999999999997726
1438,1,-0.39999999999997726
1439,1,-0.39999999999997726
1440,1,-0.39999999999997726
1441,1,-0.39999999999997726
1442,1,-0.39999999999997726
1443,1,-0.39999999999997726
1444,1,-0.39999999999997726
1445,1,-0.39999999999997726
1446,1,-0.39999999999997726
1447,1,-0.39999999999997726
1448,1,-0.39999999999997726
1449,1,-0.39999999999997726
1450,1,-0.39999999999997726
1451,1,-0.39999999999997726
1452,1,-0.39999999999997726
1453,1,-0.39999999999997726
1454,1,-0.39999999999997726
1455,1,-0.39999999999997726
1456,1,-0.39999999999997726
1457,1,-0.39999999999997726
1458,1,-0.39999999999997726
1459,1,-0.39999999999997726
1460,1,-0.39999999999997726
1461,1,-0.39999999999997726
1462,1,-0.39999999999997726
1463,1,-0.39999999999997726
1464,1,-0.39999999999997726
1465,1,-0.39999999999997726
1466,1,-0.39999999999997726
1467,1,-0.39999999999997726
1468,1,-0.39999999999997726
1469,1,-0.39999999999997726
1470,1,-0.39999999999997726
1471,1,-0.39999999999997726
1472,1,-0.39999999999997726
1473,1,-0.39999999999997726
1474,1,-0.39999999999997726
1475,1,-0.39999999999997726
1476,1,-0.39999999999997726
1477,1,-0.39999999999997726
1478,1,-0.39999999999997726
1479,1,-0.39999999999997726
1480,1,-0.39999999999997726
1481,1,-0.39999999999997726
1482,1,-0.39999999999997726
1483,1,-0.39999999999997726
1484,1,-0.39999999999997726
1485,1,-0.39999999999997726
1486,1,-0.39999999999997726
1487,1,-0.39999999999997726
1488,1,-0.39999999999997726
1489,1,-0.39999999999997726
1490,1,-0.39999999999997726
1491,1,-0.39999999999997726
1492,1,-0.39999999999997726
1493,1,-0.39999999999997726
1494,1,-0.39999999999997726
1495,1,-0.39999999999997726
1496,1,-0.39999999999997726
1497,1,-0.39999999999997726
1498,1,-0.39999999999997726
1499,1,-0.39999999999997726
1500,1,6.379661016949154
1501,1,-0.3999999999999986
1502,1,-0.3999999999999986
1503,1,-0.3999999999999986
1504,1,-0.3999999999999986
1505,1,-0.3999999999999986
1506,1,-0.399999999999999
1507,1,-0.40000000000000036
1508,1,-0.40000000000000036
1509,1,-0.40000000000000036
1510,1,-0.40000000000000036
1511,1,-0.40000000000000036
1512,1,-0.40000000000000036
1513,1,-0.40000000000000036
1514,1,-0.4
1515,1,-0.3999999999999999
1516,1,-0.4
1517,1,-0.4000000000000001
1518,1,-0.3999999999999999
1519,1,-0.40000000000000024
1520,1,-0.40000000000000036
1521,1,-0.40000000000000013
1522,1,-0.40000000000000036
1523,1,-0.40000000000000036
1524,1,-0.40000000000000036
1525,1,-0.40000000000000036
1526,1,-0.40000000000000036
1527,1,-0.3999999999999986
1528,1,-0.3999999999999986
1529,1,-0.3999999999999986
1530,1,-0.3999999999999986
1531,1,-0.3999999999999986
1532,1,-0.3999999999999986
1533,1,-0.3999999999999986
1534,1,-0.3999999999999986
1535,1,-0.3999999999999986
1536,1,-0.3999999999999986
1537,1,-0.3999999999999986
1538,1,-0.3999999999999986
1539,1,-0.3999999999999986
1540,1,-0.3999999999999986
1541,1,-0.3999999999999986
1542,1,-0.3999999999999986
1543,1,-0.3999999999999986
1544,1,-0.3999999999999986
1545,1,-0.3999999999999986
1546,1,-0.3999999999999986
1547,1,-0.3999999999999986
1548,1,-0.3999999999999986
1549,1,-0.3999999999999986
1550,1,-0.3999999999999986
1551,1,-0.3999999999999986
1552,1,-0.3999999999999986
1553,1,-0.3999999999999986
1554,1,-0.3999999999999986
1555,1,-0.3999999999999986
1556,1,-0.40000000000000036
1557,1,-0.4000000000000057
1558,1,-0.4000000000000057
1559,1,-0.4000000000000057
1560,1,-0.4000000000000057
1561,1,-0.4000000000000057
1562,1,-0.4000000000000057
1563,1,-0.4000000000000057
1564,1,-0.4000000000000057
1565,1,-0.4000000000000057
1566,1,-0.4000000000000057
1567,1,-0.4000000000000057
1568,1,-0.4000000000000057
1569,1,-0.4000000000000057
1570,1,-0.4000000000000057
1571,1,-0.4000000000000057
1572,1,-0.4000000000000057
1573,1,-0.4000000000000057
1574,1,-0.4000000000000057
1575,1,-0.4000000000000057
1576,1,-0.4000000000000057
1577,1,-0.4000000000000057
1578,1,-0.4000000000000057
1579,1,-0.4000000000000057
1580,1,-0.4000000000000057
1581,1,-0.4000000000000057
1582,1,-0.4000000000000057
1583,1,-0.4000000000000057
1584,1,-0.4000000000000057
1585,1,-0.4000000000000057
1586,1,-0.4000000000000057
1587,1,-0.4000000000000057
1588,1,-0.4000000000000057
1589,1,-0.4000000000000057
1590,1,-0.4000000000000057
1591,1,-0.4000000000000057
1592,1,-0.4000000000000057
1593,1,-0.4000000000000057
1594,1,-0.4000000000000057
1595,1,-0.4000000000000057
1596,1,-0.40000000000000213
1597,1,-0.4000000000000057
1598,1,-0.4000000000000057
1599,1,-0.4000000000000057
1600,1,-0.4000000000000057
1601,1,-0.4000000000000057
1602,1,-0.4000000000000057
1603,1,-0.4000000000000057
1604,1,-0.4000000000000057
1605,1,-0.4000000000000057
1606,1,-0.4000000000000057
1607,1,-0.4000000000000057
1608,1,-0.4000000000000057
1609,1,-0.4000000000000057
1610,1,-0.4000000000000057
1611,1,-0.4000000000000057
1612,1,-0.4000000000000057
1613,1,-0.4000000000000057
1614,1,-0.4000000000000057
1615,1,-0.4000000000000057
1616,1,-0.4000000000000057
1617,1,-0.4000000000000057
1618,1,-0.4000000000000057
1619,1,-0.4000000000000057
1620,1,-0.4000000000000057
1621,1,-0.4000000000000057
1622,1,-0.4000000000000057
1623,1,-0.4000000000000057
1624,1,-0.4000000000000057
1625,1,-0.4000000000000057
1626,1,-0.4000000000000057
1627,1,-0.4000000000000057
1628,1,-0.4000000000000057
1629,1,-0.4000000000000057
1630,1,-0.4000000000000057
1631,1,-0.4000000000000057
1632,1,-0.4000000000000057
1633,1,-0.4000000000000057
1634,1,-0.4000000000000057
1635,1,-0.4000000000000057
1636,1,-0.4000000000000057
1637,1,-0.4000000000000057
1638,1,-0.4000000000000057
1639,1,-0.4000000000000057
1640,1,-0.4000000000000057
1641,1,-0.4000000000000057
1642,1,-0.4000000000000057
1643,1,-0.4000000000000057
1644,1,-0.4000000000000057
1645,1,-0.4000000000000057
1646,1,-0.4000000000000057
1647,1,-0.4000000000000057
1648,1,-0.4000000000000057
1649,1,-0.4000000000000057
1650,1,-0.4000000000000057
1651,1,-0.4000000000000057
1652,1,-0.4000000000000057
1653,1,-0.4000000000000057
1654,1,-0.4000000000000057
1655,1,-0.4000000000000057
1656,1,-0.4000000000000057
1657,1,-0.4000000000000057
1658,1,-0.4000000000000057
1659,1,-0.4000000000000057
1660,1,-0.4000000000000057
1661,1,-0.4000000000000057
1662,1,-0.4000000000000057
1663,1,-0.4000000000000057
1664,1,-0.4000000000000057
1665,1,-0.4000000000000057
1666,1,-0.4000000000000057
1667,1,-0.4000000000000057
1668,1,-0.4000000000000057
1669,1,-0.4000000000000057
1670,1,-0.4000000000000057
1671,1,-0.4000000000000057
1672,1,-0.4000000000000057
1673,1,-0.4000000000000057
1674,1,-0.4000000000000057
1675,1,-0.4000000000000057
1676,1,-0.3999999999999986
1677,1,-0.39999999999997726
1678,1,-0.39999999999997726
1679,1,-0.39999999999997726
1680,1,-0.39999999999997726
1681,1,-0.39999999999997726
1682,1,-0.39999999999997726
1683,1,-0.39999999999997726
1684,1,-0.39999999999997726
1685,1,-0.39999999999997726
1686,1,-0.39999999999997726
1687,1,-0.39999999999997726
1688,1,-0.39999999999997726
1689,1,-0.39999999999997726
1690,1,-0.39999999999997726
1691,1,-0.39999999999997726
1692,1,-0.39999999999997726
1693,1,-0.39999999999997726
1694,1,-0.39999999999997726
1695,1,-0.39999999999997726
1696,1,-0.39999999999997726
1697,1,-0.39999999999997726
1698,1,-0.39999999999997726
1699,1,-0.39999999999997726
1700,1,-0.39999999999997726
1701,1,-0.39999999999997726
1702,1,-0.39999999999997726
1703,1,-0.39999999999997726
1704,1,-0.39999999999997726
1705,1,-0.39999999999997726
1706,1,-0.39999999999997726
1707,1,-0.39999999999997726
1708,1,-0.39999999999997726
1709,1,-0.39999999999997726
1710,1,-0.39999999999997726
1711,1,-0.39999999999997726
1712,1,-0.39999999999997726
1713,1,-0.39999999999997726
1714,1,-0.39999999999997726
1715,1,-0.39999999999997726
1716,1,-0.39999999999997726
1717,1,-0.39999999999997726
1718,1,-0.39999999999997726
1719,1,-0.39999999999997726
1720,1,-0.39999999999997726
1721,1,-0.39999999999997726
1722,1,-0.39999999999997726
1723,1,-0.39999999999997726
1724,1,-0.39999999999997726
1725,1,-0.39999999999997726
1726,1,-0.39999999999997726
1727,1,-0.39999999999997726
1728,1,-0.39999999999997726
1729,1,-0.39999999999997726
1730,1,-0.39999999999997726
1731,1,-0.39999999999997726
1732,1,-0.39999999999997726
1733,1,-0.39999999999997726
1734,1,-0.39999999999997726
1735,1,-0.39999999999997726
1736,1,-0.39999999999997726
1737,1,-0.39999999999997726
1738,1,-0.39999999999997726
1739,1,-0.39999999999997726
1740,1,-0.39999999999997726
1741,1,-0.39999999999997726
1742,1,-0.39999999999997726
1743,1,-0.39999999999997726
1744,1,-0.39999999999997726
1745,1,-0.39999999999997726
1746,1,-0.39999999999997726
1747,1,-0.39999999999997726
1748,1,-0.39999999999997726
1749,1,-0.39999999999997726
1750,1,6.1573770491803295
1751,1,-0.3999999999999986
1752,1,-0.3999999999999986
1753,1,-0.3999999999999986
1754,1,-0.3999999999999986
1755,1,-0.3999999999999986
1756,1,-0.3999999999999999
1757,1,-0.40000000000000036
1758,1,-0.40000000000000036
1759,1,-0.40000000000000036
1760,1,-0.40000000000000036
1761,1,-0.40000000000000036
1762,1,-0.40000000000000036
1763,1,-0.40000000000000024
1764,1,-0.3999999999999999
1765,1,-0.3999999999999999
1766,1,-0.4
1767,1,-0.4
1768,1,-0.4
1769,1,-0.40000000000000036
1770,1,-0.40000000000000036
1771,1,-0.40000000000000013
1772,1,-0.40000000000000036
1773,1,-0.40000000000000036
1774,1,-0.40000000000000036
1775,1,-0.40000000000000036
1776,1,-0.39999999999999947
1777,1,-0.3999999999999986
1778,1,-0.3999999999999986
1779,1,-0.3999999999999986
1780,1,-0.3999999999999986
1781,1,-0.3999999999999986
1782,1,-0.3999999999999986
1783,1,-0.3999999999999986
1784,1,-0.3999999999999986
1785,1,-0.3999999999999986
1786,1,-0.3999999999999986
1787,1,-0.3999999999999986
1788,1,-0.3999999999999986
1789,1,-0.3999999999999986
1790,1,-0.3999999999999986
1791,1,-0.3999999999999986
1792,1,-0.3999999999999986
1793,1,-0.3999999999999986
1794,1,-0.3999999999999986
1795,1,-0.3999999999999986
1796,1,-0.3999999999999986
1797,1,-0.3999999999999986
1798,1,-0.3999999999999986
1799,1,-0.3999999999999986
1800,1,-0.3999999999999986
1801,1,-0.3999999999999986
1802,1,-0.3999999999999986
1803,1,-0.3999999999999986
1804,1,-0.3999999999999986
1805,1,-0.3999999999999986
1806,1,-0.4000000000000039
1807,1,-0.4000000000000057
1808,1,-0.4000000000000057
1809,1,-0.4000000000000057
