0,2,6.899270072992702
1,2,-0.3999999999999986
2,0,-0.3999999999999986
3,2,-0.3999999999999986
4,0,-0.3999999999999986
5,0,-0.3999999999999986
6,1,-0.3999999999999986
7,2,-0.3999999999999986
8,4,-0.40000000000000036
9,3,-0.40000000000000036
10,1,-0.40000000000000036
11,3,-0.40000000000000036
12,2,-0.40000000000000036
13,2,3.2496350364963504
14,2,-0.3999999999999986
15,2,-0.3999999999999986
16,2,-0.3999999999999986
17,2,-0.3999999999999999
18,0,-0.40000000000000036
19,1,-0.40000000000000036
20,4,-0.40000000000000036
21,4,-0.40000000000000036
22,3,-0.40000000000000036
23,4,-0.40000000000000036
24,3,-0.40000000000000024
25,3,-0.3999999999999999
26,1,-0.3999999999999999
27,4,-0.4
28,4,-0.39999999999999997
29,0,-0.4
30,1,-0.40000000000000036
31,0,-0.40000000000000036
32,3,-0.40000000000000013
33,1,-0.40000000000000036
34,3,3.24963503649635
35,0,-0.3999999999999999
36,3,-0.4
37,3,-0.4
38,3,-0.4
39,1,-0.40000000000000036
40,0,-0.40000000000000036
41,1,-0.40000000000000013
42,3,-0.40000000000000036
43,4,-0.40000000000000036
44,4,-0.40000000000000036
45,3,-0.40000000000000036
46,4,-0.399999999999999
47,1,-0.3999999999999986
48,3,-0.3999999999999986
49,0,-0.3999999999999986
50,3,3.2496350364963504
51,2,-0.40000000000000036
52,3,-0.40000000000000036
53,4,-0.40000000000000036
54,2,-0.40000000000000036
55,0,-0.39999999999999947
56,3,-0.3999999999999986
57,4,-0.3999999999999986
58,4,-0.3999999999999986
59,2,-0.3999999999999986
60,0,-0.3999999999999986
61,4,-0.3999999999999986
62,3,-0.3999999999999986
63,2,-0.3999999999999986
64,0,-0.3999999999999986
65,1,-0.3999999999999986
66,1,-0.3999999999999986
67,2,-0.3999999999999986
68,4,-0.3999999999999986
69,4,-0.3999999999999986
70,2,-0.3999999999999986
71,3,3.249635036496352
72,4,-0.3999999999999986
73,2,-0.3999999999999986
74,0,-0.3999999999999986
75,0,-0.3999999999999986
76,4,-0.3999999999999986
77,3,-0.3999999999999986
78,0,-0.3999999999999986
79,2,-0.3999999999999986
80,1,-0.3999999999999986
81,4,-0.3999999999999986
82,3,-0.3999999999999986
83,0,-0.3999999999999986
84,4,-0.3999999999999986
85,0,-0.3999999999999986
86,2,-0.3999999999999986
87,2,-0.3999999999999986
88,1,-0.3999999999999986
89,2,-0.3999999999999986
90,4,-0.3999999999999986
91,3,-0.3999999999999986
92,4,-0.3999999999999986
93,3,-0.3999999999999986
94,3,-0.40000000000000036
95,4,-0.4000000000000057
96,4,-0.4000000000000057
97,4,-0.4000000000000057
98,2,-0.4000000000000057
99,3,-0.4000000000000057
100,1,-0.4000000000000057
101,4,3.249635036496352
102,2,-0.3999999999999986
103,2,-0.40000000000000036
104,1,-0.4000000000000057
105,3,-0.4000000000000057
106,1,-0.4000000000000057
107,0,-0.4000000000000057
108,2,-0.4000000000000057
109,0,-0.4000000000000057
110,0,-0.4000000000000057
111,3,-0.4000000000000057
112,2,-0.4000000000000057
113,3,-0.4000000000000057
114,1,-0.4000000000000057
115,2,-0.4000000000000057
116,3,-0.4000000000000057
117,3,-0.4000000000000057
118,1,-0.4000000000000057
119,3,-0.4000000000000057
120,1,3.2496350364963433
121,4,-0.4000000000000057
122,1,-0.4000000000000057
123,0,-0.4000000000000057
124,0,-0.4000000000000057
125,1,-0.4000000000000057
126,0,-0.4000000000000057
127,2,-0.4000000000000057
128,3,-0.4000000000000057
129,4,-0.4000000000000057
130,0,-0.4000000000000057
131,2,-0.4000000000000057
132,3,-0.4000000000000057
133,1,-0.4000000000000057
134,1,-0.4000000000000057
135,2,-0.4000000000000057
136,1,-0.4000000000000057
137,4,-0.4000000000000057
138,1,-0.4000000000000057
139,0,-0.4000000000000057
140,2,-0.4000000000000057
141,1,-0.4000000000000057
142,1,-0.4000000000000057
143,4,-0.4000000000000057
144,2,-0.4000000000000057
145,3,-0.4000000000000057
146,1,-0.4000000000000057
147,2,3.2496350364963433
148,1,-0.4000000000000057
149,0,-0.4000000000000057
150,3,-0.4000000000000057
151,2,-0.4000000000000057
152,1,-0.4000000000000057
153,0,-0.4000000000000057
154,4,-0.4000000000000057
155,1,-0.4000000000000057
156,0,-0.4000000000000057
157,4,-0.4000000000000057
158,0,-0.4000000000000057
159,1,-0.4000000000000057
160,3,-0.4000000000000057
161,0,-0.4000000000000057
162,3,-0.40000000000000213
163,2,-0.4000000000000057
164,4,-0.4000000000000057
165,2,-0.4000000000000057
166,4,-0.4000000000000057
167,0,-0.4000000000000057
168,2,-0.4000000000000057
169,1,-0.4000000000000057
170,3,3.2496350364963433
171,2,-0.4000000000000057
172,4,-0.4000000000000057
173,1,-0.4000000000000057
174,0,-0.4000000000000057
175,2,-0.4000000000000057
176,4,-0.4000000000000057
177,4,-0.4000000000000057
178,0,-0.4000000000000057
179,3,-0.4000000000000057
180,1,-0.4000000000000057
181,0,-0.4000000000000057
182,0,-0.4000000000000057
183,4,-0.4000000000000057
184,4,-0.4000000000000057
185,0,-0.4000000000000057
186,3,-0.4000000000000057
187,0,-0.4000000000000057
188,2,-0.4000000000000057
189,4,-0.4000000000000057
190,1,-0.4000000000000057
191,1,-0.4000000000000057
192,0,-0.4000000000000057
193,2,3.2496350364963433
194,2,-0.4000000000000057
195,2,-0.4000000000000057
196,2,-0.4000000000000057
197,3,-0.4000000000000057
198,0,-0.4000000000000057
199,4,-0.4000000000000057
200,2,-0.4000000000000057
201,2,-0.4000000000000057
202,0,-0.4000000000000057
203,0,-0.4000000000000057
204,0,-0.4000000000000057
205,0,-0.4000000000000057
206,1,-0.4000000000000057
207,0,-0.4000000000000057
208,0,-0.4000000000000057
209,4,-0.4000000000000057
210,2,-0.4000000000000057
211,4,-0.4000000000000057
212,3,3.2496350364963433
213,1,-0.4000000000000057
214,3,-0.4000000000000057
215,3,-0.4000000000000057
216,1,-0.4000000000000057
217,4,-0.4000000000000057
218,3,-0.4000000000000057
219,3,-0.4000000000000057
220,2,-0.4000000000000057
221,0,-0.4000000000000057
222,3,-0.4000000000000057
223,0,-0.4000000000000057
224,2,-0.4000000000000057
225,4,-0.4000000000000057
226,3,-0.4000000000000057
227,3,-0.4000000000000057
228,4,3.2496350364963433
229,2,-0.4000000000000057
230,1,-0.4000000000000057
231,4,-0.4000000000000057
232,1,-0.4000000000000057
233,1,-0.4000000000000057
234,1,-0.4000000000000057
235,3,-0.4000000000000057
236,3,-0.4000000000000057
237,0,-0.4000000000000057
238,1,-0.4000000000000057
239,1,-0.4000000000000057
240,4,-0.4000000000000057
241,3,-0.4000000000000057
242,3,-0.4000000000000057
243,3,-0.4000000000000057
244,4,-0.4000000000000057
245,4,-0.4000000000000057
246,3,-0.4000000000000057
247,3,-0.4000000000000057
248,1,-0.4000000000000057
249,1,-0.4000000000000057
250,3,7.6971659919028355
251,2,-0.3999999999999986
252,3,-0.3999999999999986
253,1,-0.3999999999999986
254,2,3.6485829959514184
255,1,-0.3999999999999986
256,3,-0.3999999999999986
257,3,-0.3999999999999986
258,4,-0.3999999999999986
259,2,-0.3999999999999986
260,1,-0.3999999999999986
261,3,-0.3999999999999986
262,3,-0.3999999999999986
263,3,-0.3999999999999986
264,1,-0.3999999999999986
265,4,3.6485829959514184
266,2,-0.3999999999999986
267,1,-0.3999999999999986
268,3,-0.3999999999999986
269,3,-0.3999999999999986
270,4,-0.3999999999999986
271,2,-0.3999999999999986
272,1,-0.3999999999999986
273,2,-0.3999999999999986
274,3,-0.3999999999999986
275,3,-0.3999999999999986
276,2,-0.3999999999999986
277,1,-0.3999999999999986
278,3,-0.3999999999999986
279,1,-0.3999999999999986
280,3,-0.3999999999999999
281,1,3.648582995951418
282,3,-0.3999999999999986
283,1,-0.3999999999999986
284,2,-0.3999999999999986
285,3,-0.3999999999999986
286,3,-0.3999999999999986
287,2,-0.3999999999999986
288,2,-0.3999999999999986
289,2,3.6485829959514184
290,4,-0.3999999999999986
291,4,-0.3999999999999986
292,4,-0.3999999999999986
293,3,-0.3999999999999986
294,1,-0.3999999999999986
295,3,-0.3999999999999986
296,3,-0.3999999999999986
297,2,-0.3999999999999986
298,0,3.6485829959514184
299,2,-0.3999999999999986
300,3,-0.3999999999999986
301,2,-0.3999999999999986
302,3,-0.3999999999999986
303,3,-0.3999999999999986
304,3,-0.3999999999999986
305,0,-0.3999999999999986
306,3,-0.3999999999999986
307,4,-0.3999999999999986
308,2,-0.3999999999999986
309,3,3.6485829959514184
310,3,-0.3999999999999986
311,2,-0.3999999999999986
312,1,-0.3999999999999986
313,2,-0.3999999999999986
314,3,-0.3999999999999986
315,3,-0.3999999999999986
316,3,-0.3999999999999986
317,3,-0.3999999999999986
318,1,-0.3999999999999986
319,4,-0.3999999999999986
320,3,-0.399999999999999
321,1,-0.40000000000000036
322,1,-0.40000000000000036
323,1,-0.40000000000000036
324,4,-0.40000000000000036
325,1,-0.40000000000000036
326,4,-0.40000000000000036
327,4,-0.40000000000000036
328,3,-0.4
329,3,3.6485829959514184
330,4,-0.3999999999999986
331,3,-0.40000000000000036
332,2,-0.40000000000000036
333,4,-0.40000000000000036
334,0,-0.40000000000000036
335,2,-0.40000000000000036
336,3,-0.40000000000000036
337,3,-0.40000000000000036
338,0,-0.40000000000000013
339,3,-0.3999999999999999
340,2,-0.4
341,1,-0.4000000000000001
342,2,-0.3999999999999999
343,3,-0.40000000000000013
344,3,3.648582995951416
345,3,-0.40000000000000036
346,2,-0.40000000000000036
347,4,-0.40000000000000036
348,3,-0.40000000000000013
349,0,-0.3999999999999999
350,3,-0.3999999999999999
351,3,-0.4
352,3,3.648582995951417
353,1,-0.40000000000000036
354,3,-0.40000000000000036
355,3,-0.40000000000000036
356,2,-0.40000000000000036
357,2,-0.40000000000000036
358,2,-0.40000000000000024
359,4,-0.3999999999999999
360,3,-0.3999999999999999
361,1,-0.4
362,1,3.6485829959514167
363,3,-0.40000000000000036
364,0,-0.40000000000000036
365,3,-0.40000000000000036
366,1,-0.40000000000000036
367,2,-0.40000000000000036
368,3,-0.40000000000000024
369,2,-0.3999999999999999
370,4,-0.3999999999999999
371,1,-0.4
372,3,-0.4
373,1,-0.4
374,4,-0.40000000000000036
375,1,-0.40000000000000036
376,3,-0.40000000000000013
377,3,-0.40000000000000036
378,1,3.6485829959514167
379,2,-0.3999999999999999
380,3,-0.3999999999999999
381,1,-0.4
382,2,-0.4
383,1,3.6485829959514167
384,2,-0.40000000000000036
385,3,-0.40000000000000036
386,0,-0.40000000000000036
387,4,-0.40000000000000036
388,4,-0.40000000000000036
389,1,-0.3999999999999999
390,2,-0.3999999999999999
391,3,-0.4
392,4,-0.4
393,3,-0.3999999999999999
394,4,-0.40000000000000036
395,1,-0.40000000000000036
396,1,3.6485829959514167
397,3,-0.40000000000000036
398,0,-0.40000000000000036
399,4,-0.4
400,1,-0.3999999999999999
401,0,-0.4
402,2,-0.4
403,2,-0.3999999999999999
404,1,-0.40000000000000024
405,2,-0.40000000000000036
406,3,-0.40000000000000013
407,0,-0.40000000000000036
408,3,-0.40000000000000036
409,1,-0.40000000000000036
410,3,-0.40000000000000036
411,3,-0.40000000000000036
412,1,-0.3999999999999986
413,1,-0.3999999999999986
414,2,-0.3999999999999986
415,2,-0.3999999999999986
416,1,-0.3999999999999986
417,1,-0.3999999999999986
418,4,-0.3999999999999986
419,3,-0.3999999999999986
420,3,-0.3999999999999986
421,1,-0.39999999999999947
422,2,-0.3999999999999986
423,1,-0.3999999999999986
424,1,-0.3999999999999986
425,3,-0.3999999999999986
426,1,-0.3999999999999986
427,3,-0.3999999999999986
428,1,-0.3999999999999986
429,2,-0.3999999999999986
430,4,-0.3999999999999986
431,3,-0.3999999999999986
432,3,-0.3999999999999986
433,1,-0.3999999999999986
434,4,-0.3999999999999986
435,1,-0.3999999999999986
436,3,-0.3999999999999986
437,1,-0.3999999999999986
438,2,-0.3999999999999986
439,3,-0.3999999999999986
440,1,-0.3999999999999986
441,2,-0.40000000000000036
442,1,-0.4000000000000057
443,4,-0.4000000000000057
444,1,-0.4000000000000057
445,3,-0.4000000000000057
446,3,-0.4000000000000057
447,0,-0.4000000000000057
448,1,-0.4000000000000057
449,1,-0.4000000000000057
450,1,-0.4000000000000057
451,3,-0.4000000000000057
452,2,-0.4000000000000057
453,2,-0.4000000000000057
454,0,-0.4000000000000057
455,0,-0.4000000000000057
456,4,-0.4000000000000057
457,2,-0.4000000000000057
458,1,-0.4000000000000057
459,1,-0.4000000000000057
460,1,-0.4000000000000057
461,1,-0.4000000000000057
462,3,-0.4000000000000057
463,3,-0.4000000000000057
464,3,-0.4000000000000057
465,1,-0.4000000000000057
466,1,-0.4000000000000057
467,2,-0.4000000000000057
468,3,-0.4000000000000057
469,2,-0.4000000000000057
470,1,-0.4000000000000057
471,3,-0.4000000000000057
472,4,-0.4000000000000057
473,1,-0.4000000000000057
474,2,-0.4000000000000057
475,3,-0.4000000000000057
476,0,-0.4000000000000057
477,1,-0.4000000000000057
478,1,-0.4000000000000057
479,1,-0.4000000000000057
480,1,-0.4000000000000057
481,1,-0.40000000000000213
482,1,-0.4000000000000057
483,1,-0.4000000000000057
484,4,-0.4000000000000057
485,1,-0.4000000000000057
486,4,-0.4000000000000057
487,1,-0.4000000000000057
488,3,-0.4000000000000057
489,3,-0.4000000000000057
490,3,-0.4000000000000057
491,4,-0.4000000000000057
492,1,-0.4000000000000057
493,2,-0.4000000000000057
494,2,-0.4000000000000057
495,3,-0.4000000000000057
496,1,-0.4000000000000057
497,1,-0.4000000000000057
498,3,-0.4000000000000057
499,1,-0.4000000000000057
500,0,6.617543859649124
501,3,-0.3999999999999986
502,4,-0.3999999999999986
503,1,-0.3999999999999986
504,3,3.108771929824562
505,3,-0.3999999999999986
506,3,-0.3999999999999986
507,4,-0.3999999999999986
508,3,-0.3999999999999986
509,3,-0.3999999999999986
510,3,3.108771929824563
511,3,-0.3999999999999986
512,1,-0.3999999999999986
513,4,-0.3999999999999986
514,3,-0.3999999999999986
515,3,-0.3999999999999986
516,3,-0.3999999999999986
517,1,-0.3999999999999986
518,3,3.108771929824563
519,3,-0.3999999999999986
520,4,-0.3999999999999986
521,4,-0.3999999999999986
522,3,-0.3999999999999986
523,3,-0.3999999999999986
524,3,3.108771929824563
525,3,-0.3999999999999986
526,1,-0.3999999999999986
527,3,3.108771929824563
528,3,-0.3999999999999986
529,3,-0.3999999999999986
530,1,-0.3999999999999986
531,3,-0.3999999999999986
532,3,3.108771929824563
533,3,-0.3999999999999986
534,2,-0.3999999999999986
535,3,-0.3999999999999986
536,3,3.1087719298245577
537,3,-0.4000000000000057
538,3,-0.4000000000000039
539,3,3.1087719298245577
540,3,-0.4000000000000057
541,3,-0.4000000000000057
542,3,3.108771929824556
543,3,-0.4000000000000057
544,1,3.108771929824556
545,4,-0.4000000000000057
546,3,3.108771929824556
547,3,-0.4000000000000057
548,3,-0.4000000000000057
549,4,3.108771929824556
550,2,-0.4000000000000057
551,3,-0.4000000000000057
552,4,3.108771929824556
553,3,-0.4000000000000057
554,4,-0.4000000000000057
555,2,-0.4000000000000057
556,1,-0.4000000000000057
557,2,-0.4000000000000057
558,2,-0.4000000000000057
559,3,-0.4000000000000057
560,4,3.108771929824556
561,1,-0.4000000000000057
562,3,-0.4000000000000057
563,3,-0.4000000000000057
564,1,-0.4000000000000057
565,1,-0.4000000000000057
566,3,-0.4000000000000057
567,3,3.1087719298245524
568,2,-0.4000000000000057
569,3,-0.4000000000000057
570,2,-0.4000000000000057
571,4,3.108771929824556
572,3,-0.4000000000000057
573,3,-0.4000000000000057
574,1,-0.4000000000000057
575,3,3.108771929824556
576,3,-0.4000000000000057
577,3,-0.4000000000000057
578,3,-0.4000000000000057
579,3,3.108771929824556
580,4,-0.4000000000000057
581,1,-0.4000000000000057
582,3,3.108771929824556
583,3,-0.4000000000000057
584,2,-0.4000000000000057
585,3,-0.4000000000000057
586,3,3.108771929824556
587,3,-0.4000000000000057
588,3,3.108771929824556
589,2,-0.4000000000000057
590,3,-0.4000000000000057
591,3,3.108771929824556
592,3,-0.4000000000000057
593,3,-0.4000000000000057
594,1,-0.4000000000000057
595,4,-0.4000000000000057
596,3,-0.4000000000000057
597,3,-0.4000000000000057
598,0,-0.4000000000000057
599,3,-0.4000000000000057
600,3,-0.4000000000000057
601,3,-0.4000000000000057
602,3,-0.4000000000000057
603,3,-0.4000000000000057
604,3,-0.4000000000000057
605,3,-0.4000000000000057
606,3,-0.4000000000000057
607,1,-0.4000000000000057
608,4,-0.4000000000000057
609,3,-0.4000000000000057
610,3,-0.4000000000000057
611,3,-0.4000000000000057
612,3,-0.4000000000000057
613,3,-0.4000000000000057
614,3,-0.4000000000000057
615,2,-0.4000000000000057
616,3,-0.4000000000000057
617,2,-0.4000000000000057
618,3,-0.4000000000000057
619,3,-0.4000000000000057
620,2,-0.4000000000000057
621,4,-0.4000000000000057
622,3,-0.4000000000000057
623,3,-0.4000000000000057
624,3,-0.4000000000000057
625,1,-0.4000000000000057
626,1,-0.4000000000000057
627,4,-0.4000000000000057
628,3,-0.4000000000000057
629,3,-0.4000000000000057
630,3,-0.4000000000000057
631,3,-0.4000000000000057
632,4,-0.4000000000000057
633,1,-0.4000000000000057
634,4,-0.4000000000000057
635,4,-0.4000000000000057
636,1,-0.4000000000000057
637,3,-0.4000000000000057
638,3,-0.4000000000000057
639,4,-0.4000000000000057
640,1,-0.4000000000000057
641,4,-0.4000000000000057
642,3,-0.4000000000000057
643,3,-0.4000000000000057
644,1,-0.4000000000000057
645,3,-0.4000000000000057
646,3,-0.4000000000000057
647,3,-0.4000000000000057
648,1,-0.4000000000000057
649,4,-0.4000000000000057
650,4,-0.4000000000000057
651,3,-0.4000000000000057
652,1,-0.4000000000000057
653,3,-0.4000000000000057
654,1,-0.4000000000000057
655,1,-0.4000000000000057
656,3,-0.4000000000000057
657,3,-0.4000000000000057
658,3,-0.4000000000000057
659,3,-0.4000000000000057
660,3,-0.4000000000000057
661,4,-0.4000000000000057
662,3,-0.4000000000000057
663,3,-0.4000000000000057
664,3,-0.4000000000000057
665,3,-0.4000000000000057
666,1,-0.4000000000000057
667,4,-0.4000000000000057
668,1,-0.4000000000000057
669,3,-0.4000000000000057
670,3,-0.40000000000000213
671,3,-0.3999999999999986
672,0,-0.3999999999999986
673,3,-0.3999999999999986
674,4,-0.3999999999999986
675,3,-0.3999999999999986
676,1,-0.3999999999999986
677,3,-0.3999999999999986
678,1,-0.3999999999999986
679,3,-0.3999999999999986
680,3,-0.3999999999999986
681,1,-0.3999999999999986
682,3,-0.3999999999999986
683,3,-0.3999999999999986
684,3,-0.3999999999999986
685,1,-0.3999999999999986
686,4,-0.3999999999999986
687,3,-0.3999999999999986
688,1,-0.3999999999999986
689,3,-0.3999999999999986
690,3,-0.3999999999999986
691,4,-0.3999999999999986
692,4,-0.3999999999999986
693,3,-0.3999999999999986
694,3,-0.3999999999999986
695,1,-0.3999999999999986
696,1,-0.3999999999999986
697,3,-0.3999999999999986
698,3,-0.3999999999999986
699,3,-0.3999999999999986
700,3,-0.39999999999999947
701,1,-0.40000000000000036
702,3,-0.40000000000000036
703,3,-0.40000000000000036
704,1,-0.40000000000000036
705,3,-0.40000000000000036
706,3,-0.40000000000000036
707,3,-0.40000000000000036
708,1,-0.3999999999999999
709,1,-0.3999999999999999
710,2,-0.4
711,3,-0.4
712,3,-0.3999999999999999
713,2,-0.40000000000000036
714,3,-0.40000000000000036
715,3,-0.40000000000000013
716,1,-0.40000000000000036
717,3,-0.40000000000000036
718,3,-0.40000000000000036
719,1,-0.40000000000000036
720,3,-0.3999999999999999
721,3,-0.3999999999999986
722,1,-0.3999999999999986
723,1,-0.3999999999999986
724,4,-0.3999999999999986
725,3,-0.3999999999999986
726,3,-0.3999999999999986
727,3,-0.3999999999999986
728,3,-0.3999999999999986
729,3,-0.3999999999999986
730,4,-0.3999999999999986
731,3,-0.3999999999999986
732,2,-0.3999999999999986
733,0,-0.3999999999999986
734,0,-0.3999999999999986
735,1,-0.3999999999999986
736,1,-0.3999999999999986
737,1,-0.3999999999999986
738,1,-0.3999999999999986
739,2,-0.3999999999999986
740,3,-0.3999999999999986
741,3,-0.3999999999999986
742,3,-0.3999999999999986
743,2,-0.3999999999999986
744,3,-0.3999999999999986
745,3,-0.3999999999999986
746,1,-0.3999999999999986
747,4,-0.3999999999999986
748,3,-0.3999999999999986
749,3,-0.3999999999999986
750,3,6.544444444444446
751,3,-0.3999999999999986
752,3,-0.3999999999999986
753,3,3.0722222222222246
754,3,-0.3999999999999986
755,3,-0.3999999999999986
756,3,3.0722222222222246
757,3,-0.3999999999999986
758,3,3.0722222222222246
759,3,-0.3999999999999986
760,3,3.0722222222222193
761,3,-0.4000000000000057
762,3,3.0722222222222157
763,3,3.0722222222222157
764,3,-0.4000000000000057
765,3,3.0722222222222157
766,3,3.0722222222222157
767,3,3.0722222222222157
768,3,-0.4000000000000057
769,3,3.0722222222222193
770,4,3.0722222222222157
771,3,-0.4000000000000057
772,3,3.0722222222222157
773,3,3.0722222222222157
774,3,-0.4000000000000057
775,3,3.0722222222222157
776,3,3.0722222222222157
777,3,3.0722222222222157
778,3,-0.4000000000000057
779,4,3.0722222222222157
780,3,-0.4000000000000057
781,3,3.0722222222222157
782,3,-0.4000000000000057
783,3,-0.4000000000000057
784,3,-0.4000000000000057
785,3,-0.4000000000000057
786,3,-0.4000000000000057
787,3,-0.4000000000000057
788,3,-0.4000000000000057
789,3,-0.4000000000000057
790,3,-0.4000000000000057
791,3,-0.4000000000000057
792,3,-0.4000000000000057
793,3,-0.4000000000000057
794,3,-0.4000000000000057
795,3,-0.4000000000000057
796,3,-0.4000000000000057
797,3,-0.4000000000000057
798,3,-0.4000000000000057
799,3,-0.4000000000000057
800,1,-0.4000000000000057
801,3,-0.4000000000000057
802,3,-0.4000000000000057
803,3,-0.4000000000000057
804,3,-0.4000000000000057
805,3,-0.4000000000000057
806,3,-0.4000000000000057
807,3,-0.4000000000000057
808,3,-0.4000000000000057
809,3,-0.4000000000000057
810,3,-0.4000000000000057
811,3,-0.4000000000000057
812,3,-0.4000000000000057
813,4,-0.4000000000000057
814,3,-0.4000000000000057
815,3,-0.4000000000000057
816,3,-0.4000000000000057
817,3,-0.4000000000000057
818,3,-0.4000000000000057
819,3,-0.4000000000000057
820,3,-0.4000000000000057
821,3,-0.4000000000000057
822,3,-0.4000000000000057
823,3,-0.4000000000000057
824,3,-0.4000000000000057
825,3,-0.4000000000000057
826,3,-0.4000000000000057
827,3,-0.4000000000000057
828,3,-0.4000000000000057
829,3,-0.4000000000000057
830,3,-0.4000000000000057
831,3,-0.4000000000000057
832,4,-0.4000000000000057
833,3,-0.4000000000000057
834,4,-0.4000000000000057
835,3,-0.4000000000000057
836,3,-0.4000000000000057
837,3,-0.4000000000000057
838,3,-0.4000000000000057
839,3,-0.4000000000000057
840,3,-0.4000000000000057
841,3,-0.4000000000000057
842,3,-0.4000000000000057
843,3,-0.4000000000000057
844,3,-0.4000000000000057
845,3,-0.4000000000000057
846,3,-0.4000000000000057
847,3,-0.4000000000000057
848,3,-0.4000000000000057
849,3,-0.4000000000000057
850,3,-0.4000000000000057
851,4,-0.4000000000000057
852,3,-0.4000000000000057
853,3,-0.4000000000000057
854,3,-0.4000000000000057
855,3,-0.4000000000000057
856,3,-0.4000000000000057
857,3,-0.4000000000000057
858,4,-100.2
859,3,6.71743772241993
860,3,-0.3999999999999986
861,3,3.158718861209966
862,3,-0.3999999999999986
863,3,-0.3999999999999986
864,3,3.158718861209966
865,3,-0.3999999999999986
866,3,3.158718861209966
867,3,-0.3999999999999986
868,3,3.158718861209966
869,3,-0.4000000000000057
870,3,3.158718861209959
871,3,-0.4000000000000057
872,3,3.158718861209959
873,3,3.158718861209959
874,3,3.158718861209959
875,3,-0.4000000000000057
876,3,3.1587188612099553
877,3,3.1587188612099553
878,3,3.1587188612099553
879,3,3.1587188612099624
880,3,3.1587188612099553
881,3,3.1587188612099624
882,3,3.1587188612099624
883,3,-0.4000000000000057
884,3,6.717437722419916
885,3,3.1587188612099624
886,3,-0.4000000000000057
887,3,3.1587188612099553
888,3,-0.4000000000000057
889,3,-0.4000000000000057
890,3,-0.4000000000000057
891,3,-0.4000000000000057
892,3,-0.4000000000000057
893,3,-0.4000000000000057
894,3,-0.4000000000000057
895,3,-0.4000000000000057
896,3,-0.4000000000000057
897,3,-0.4000000000000057
898,3,-0.4000000000000057
899,3,-0.4000000000000057
900,3,-0.4000000000000057
901,3,-0.4000000000000057
902,3,-0.4000000000000057
903,3,-0.4000000000000057
904,3,-0.4000000000000057
905,3,-0.4000000000000057
906,3,-0.4000000000000057
907,3,-0.4000000000000057
908,3,-0.4000000000000057
909,3,-0.4000000000000057
910,3,-0.4000000000000057
911,3,-0.4000000000000057
912,3,-0.4000000000000057
913,3,-0.4000000000000057
914,3,-0.4000000000000057
915,3,-0.4000000000000057
916,3,-0.4000000000000057
917,3,-0.4000000000000057
918,3,-0.4000000000000057
919,3,-0.4000000000000057
920,3,-0.4000000000000057
921,3,-0.4000000000000057
922,3,-0.4000000000000057
923,3,-0.4000000000000057
924,3,-0.4000000000000057
925,3,-0.4000000000000057
926,3,-0.4000000000000057
927,3,-0.4000000000000057
928,3,-0.4000000000000057
929,3,-0.4000000000000057
930,3,-0.4000000000000057
931,3,-0.4000000000000057
932,3,-0.4000000000000057
933,3,-0.4000000000000057
934,3,-0.4000000000000057
935,3,-0.4000000000000057
936,3,-0.4000000000000057
937,3,-0.4000000000000057
938,3,-0.4000000000000057
939,3,-0.4000000000000057
940,3,-0.4000000000000057
941,3,-0.4000000000000057
942,3,-0.4000000000000057
943,3,-0.4000000000000057
944,3,-0.4000000000000057
945,3,-0.4000000000000057
946,3,-0.4000000000000057
947,3,-100.30000000000001
948,3,6.0308681672025735
949,3,-0.3999999999999986
950,3,2.8154340836012874
951,3,-0.3999999999999986
952,3,-0.3999999999999986
953,3,2.8154340836012874
954,3,-0.3999999999999986
955,3,2.8154340836012874
956,3,-0.3999999999999986
957,3,2.8154340836012874
958,3,-0.3999999999999986
959,3,2.815434083601282
960,3,-0.4000000000000057
961,3,2.8154340836012786
962,3,2.815434083601282
963,3,2.815434083601282
964,3,-0.4000000000000057
965,3,2.815434083601282
966,3,2.815434083601282
967,3,2.815434083601282
968,3,2.815434083601282
969,3,2.815434083601282
970,3,2.815434083601282
971,3,2.815434083601282
972,3,2.815434083601282
973,3,2.815434083601282
974,3,-0.4000000000000057
975,3,2.815434083601282
976,3,-0.4000000000000057
977,3,-0.4000000000000057
978,3,-0.4000000000000057
979,3,-0.4000000000000057
980,3,-0.4000000000000057
981,3,-0.4000000000000057
982,3,-0.4000000000000057
983,3,-0.4000000000000057
984,3,-0.4000000000000057
985,3,-0.4000000000000057
986,3,-0.4000000000000057
987,3,-0.4000000000000057
988,3,-0.4000000000000057
989,3,-0.4000000000000057
990,3,-0.4000000000000057
991,3,-0.4000000000000057
992,3,-0.4000000000000057
993,3,-0.4000000000000057
994,3,-0.4000000000000057
995,3,-0.4000000000000057
996,3,-0.4000000000000057
997,3,-0.4000000000000057
998,3,-0.4000000000000057
999,3,-0.4000000000000057
1000,3,-0.4000000000000057
1001,3,-0.4000000000000057
1002,3,-0.4000000000000057
1003,3,-0.4000000000000057
1004,3,-0.4000000000000057
1005,3,-0.4000000000000057
1006,3,-0.4000000000000057
1007,3,-0.4000000000000057
1008,3,-0.4000000000000057
1009,3,-0.4000000000000057
1010,3,-0.4000000000000057
1011,3,-0.4000000000000057
1012,3,-0.4000000000000057
1013,3,-0.4000000000000057
1014,3,-0.4000000000000057
1015,3,-0.4000000000000057
1016,3,-0.4000000000000057
1017,3,-0.4000000000000057
1018,3,-0.4000000000000057
1019,3,-0.4000000000000057
1020,3,-0.4000000000000057
1021,3,-0.4000000000000057
1022,3,-0.4000000000000057
1023,3,-0.4000000000000057
1024,3,-0.4000000000000057
1025,3,-0.4000000000000057
1026,3,-0.4000000000000057
1027,3,-0.4000000000000057
1028,3,-0.4000000000000057
1029,3,-0.4000000000000057
1030,3,-0.4000000000000057
1031,3,-0.4000000000000057
1032,3,-0.4000000000000057
1033,3,-0.4000000000000057
1034,3,-0.4000000000000057
1035,3,-0.4000000000000057
1036,3,-100.1
1037,3,5.606006006006007
1038,3,-0.3999999999999986
1039,3,2.6030030030030042
1040,3,-0.3999999999999986
1041,3,-0.3999999999999986
1042,3,2.6030030030030042
1043,3,-0.3999999999999986
1044,3,2.603003003003005
1045,3,-0.3999999999999986
1046,3,2.6030030030030034
1047,3,-0.3999999999999986
1048,3,2.6030030030030016
1049,3,-0.40000000000000213
1050,3,2.6030030030029963
1051,3,2.6030030030029963
1052,3,2.6030030030029963
1053,3,-0.4000000000000057
1054,3,2.6030030030029963
1055,3,2.6030030030029963
1056,3,2.6030030030029963
1057,3,2.6030030030029963
1058,3,2.6030030030029963
1059,3,2.6030030030029963
1060,3,2.6030030030029963
1061,3,-0.4000000000000057
1062,3,5.606006006005998
1063,3,2.6030030030029963
1064,3,-0.4000000000000057
1065,3,2.6030030030029963
1066,3,-0.4000000000000057
1067,3,-0.4000000000000057
1068,3,-0.4000000000000057
1069,3,-0.4000000000000057
1070,3,-0.4000000000000057
1071,3,-0.4000000000000057
1072,3,-0.4000000000000057
1073,3,-0.4000000000000057
1074,3,-0.4000000000000057
1075,3,-0.4000000000000057
1076,3,-0.4000000000000057
1077,3,-0.4000000000000057
1078,3,-0.4000000000000057
1079,3,-0.4000000000000057
1080,3,-0.4000000000000057
1081,3,-0.4000000000000057
1082,3,-0.4000000000000057
1083,3,-0.4000000000000057
1084,3,-0.4000000000000057
1085,3,-0.4000000000000057
1086,3,-0.4000000000000057
1087,3,-0.4000000000000057
1088,3,-0.4000000000000057
1089,3,-0.4000000000000057
1090,3,-0.4000000000000057
1091,3,-0.4000000000000057
1092,3,-0.4000000000000057
1093,3,-0.4000000000000057
1094,3,-0.4000000000000057
1095,3,-0.4000000000000057
1096,3,-0.4000000000000057
1097,3,-0.4000000000000057
1098,3,-0.4000000000000057
1099,3,-0.4000000000000057
1100,3,-0.4000000000000057
1101,3,-0.4000000000000057
1102,3,-0.4000000000000057
1103,3,-0.4000000000000057
1104,3,-0.4000000000000057
1105,3,-0.4000000000000057
1106,3,-0.4000000000000057
1107,3,-0.4000000000000057
1108,3,-0.4000000000000057
1109,3,-0.4000000000000057
1110,3,-0.4000000000000057
1111,3,-0.4000000000000057
1112,3,-0.4000000000000057
1113,3,-0.4000000000000057
1114,3,-0.4000000000000057
1115,3,-0.4000000000000057
1116,3,-0.4000000000000057
1117,3,-0.4000000000000057
1118,3,-0.4000000000000057
1119,3,-0.4000000000000057
1120,3,-0.4000000000000057
1121,3,-0.4000000000000057
1122,3,-0.4000000000000057
1123,3,-0.4000000000000057
1124,3,-0.4000000000000057
1125,3,-100.1
1126,3,6.1573770491803295
1127,3,-0.3999999999999986
1128,3,2.8786885245901654
1129,3,-0.3999999999999986
1130,3,-0.3999999999999986
1131,3,2.8786885245901654
1132,3,-0.3999999999999986
1133,3,2.8786885245901654
1134,3,-0.3999999999999986
1135,3,2.8786885245901654
1136,3,-0.3999999999999986
1137,3,2.8786885245901637
1138,3,-0.4000000000000057
1139,3,2.87868852459016
1140,3,2.87868852459016
1141,3,2.87868852459016
1142,3,-0.4000000000000057
1143,3,2.87868852459016
1144,3,2.87868852459016
1145,3,2.87868852459016
1146,3,2.87868852459016
1147,3,2.87868852459016
1148,3,2.87868852459016
1149,3,-0.4000000000000057
1150,1,2.87868852459016
1151,3,2.87868852459016
1152,3,6.157377049180326
1153,3,-0.4000000000000057
1154,3,2.87868852459016
1155,3,-0.4000000000000057
1156,3,-0.4000000000000057
1157,3,-0.4000000000000057
1158,3,-0.4000000000000057
1159,3,-0.4000000000000057
1160,3,-0.4000000000000057
1161,3,-0.4000000000000057
1162,3,-0.4000000000000057
1163,3,-0.4000000000000057
1164,3,-0.4000000000000057
1165,3,-0.4000000000000057
1166,3,-0.4000000000000057
1167,3,-0.4000000000000057
1168,3,-0.4000000000000057
1169,3,-0.4000000000000057
1170,3,-0.4000000000000057
1171,3,-0.4000000000000057
1172,3,-0.4000000000000057
1173,3,-0.4000000000000057
1174,3,-0.4000000000000057
1175,3,-0.4000000000000057
1176,3,-0.4000000000000057
1177,3,-0.4000000000000057
1178,3,-0.4000000000000057
1179,3,-0.4000000000000057
1180,3,-0.4000000000000057
1181,3,-0.4000000000000057
1182,3,-0.4000000000000057
1183,3,-0.4000000000000057
1184,3,-0.4000000000000057
1185,3,-0.4000000000000057
1186,3,-0.4000000000000057
1187,3,-0.4000000000000057
1188,3,-0.4000000000000057
1189,3,-0.4000000000000057
1190,3,-0.4000000000000057
1191,3,-0.4000000000000057
1192,3,-0.4000000000000057
1193,3,-0.4000000000000057
1194,3,-0.4000000000000057
1195,3,-0.4000000000000057
1196,3,-0.4000000000000057
1197,3,-0.4000000000000057
1198,3,-0.4000000000000057
1199,3,-0.4000000000000057
1200,3,-0.4000000000000057
1201,3,-0.4000000000000057
1202,3,-0.4000000000000057
1203,3,-0.4000000000000057
1204,3,-0.4000000000000057
1205,3,-0.4000000000000057
1206,3,-0.4000000000000057
1207,3,-0.4000000000000057
1208,3,-0.4000000000000057
1209,3,-0.4000000000000057
1210,3,-0.4000000000000057
1211,3,-0.4000000000000057
1212,3,-0.4000000000000057
1213,3,-0.4000000000000057
1214,3,-100.30000000000001
1215,3,6.449315068493152
1216,3,-0.3999999999999986
1217,3,3.0246575342465762
1218,3,-0.3999999999999986
1219,3,-0.3999999999999986
1220,3,3.024657534246577
1221,3,-0.3999999999999986
1222,3,-0.3999999999999986
1223,3,3.024657534246577
1224,3,-0.3999999999999986
1225,3,3.0246575342465682
1226,3,3.024657534246572
1227,3,-0.4000000000000057
1228,3,3.0246575342465682
1229,3,3.0246575342465682
1230,3,-0.4000000000000057
1231,3,3.0246575342465682
1232,3,3.0246575342465682
1233,3,3.024657534246572
1234,3,3.024657534246572
1235,3,3.024657534246572
1236,3,-0.4000000000000057
1237,3,3.024657534246572
1238,3,3.024657534246572
1239,3,3.024657534246572
1240,3,3.024657534246572
1241,3,3.024657534246572
1242,3,3.024657534246572
1243,3,3.024657534246572
1244,3,3.024657534246572
1245,3,3.0246575342466
1246,3,6.449315068493178
1247,3,3.0246575342466
1248,3,3.0246575342466
1249,3,3.0246575342466
1250,3,3.0246575342466
1251,3,3.0246575342466
1252,3,6.449315068493178
1253,3,3.0246575342466
1254,3,3.0246575342466
1255,3,3.0246575342466
1256,3,6.449315068493178
1257,3,3.0246575342466
1258,3,9.873972602739755
1259,3,3.0246575342466
1260,3,-0.39999999999997726
1261,3,3.0246575342466
1262,3,-0.39999999999997726
1263,3,-0.39999999999997726
1264,3,-0.39999999999997726
1265,3,-0.39999999999997726
1266,3,-0.39999999999997726
1267,3,-0.39999999999997726
1268,3,-0.39999999999997726
1269,3,-0.39999999999997726
1270,3,-0.39999999999997726
1271,3,-0.39999999999997726
1272,3,-0.39999999999997726
1273,3,-0.39999999999997726
1274,3,-0.39999999999997726
1275,3,-0.39999999999997726
1276,3,-0.39999999999997726
1277,3,-0.39999999999997726
1278,3,-0.39999999999997726
1279,3,-100.19999999999999
1280,3,7.1757575757575776
1281,3,-0.3999999999999986
1282,3,3.3878787878787904
1283,3,-0.3999999999999986
1284,3,-0.3999999999999986
1285,3,3.3878787878787904
1286,3,-0.3999999999999986
1287,3,3.3878787878787904
1288,3,-0.3999999999999986
1289,3,3.3878787878787886
1290,3,-0.4000000000000057
1291,3,3.3878787878787833
1292,3,-0.4000000000000057
1293,3,3.3878787878787833
1294,3,3.3878787878787833
1295,3,3.3878787878787833
1296,3,-0.4000000000000057
1297,3,3.3878787878787797
1298,3,3.3878787878787833
1299,3,3.3878787878787833
1300,3,3.3878787878787833
1301,3,3.3878787878787833
1302,3,3.3878787878787833
1303,3,-0.4000000000000057
1304,3,3.3878787878787833
1305,3,3.3878787878787833
1306,3,7.175757575757579
1307,3,-0.39999999999997726
1308,3,3.3878787878788046
1309,3,-0.39999999999997726
1310,3,-0.39999999999997726
1311,3,-0.39999999999997726
1312,3,-0.39999999999997726
1313,3,-0.39999999999997726
1314,3,-0.39999999999997726
1315,3,-0.39999999999997726
1316,3,-0.39999999999997726
1317,3,-0.39999999999997726
1318,3,-0.39999999999998437
1319,3,-0.4000000000000057
1320,3,-0.4000000000000057
1321,3,-0.4000000000000057
1322,3,-0.4000000000000057
1323,3,-0.4000000000000057
1324,3,-0.4000000000000057
1325,3,-0.4000000000000057
1326,3,-0.4000000000000057
1327,3,-0.4000000000000057
1328,3,-0.4000000000000057
1329,3,-0.4000000000000057
1330,3,-0.4000000000000057
1331,3,-0.4000000000000057
1332,3,-0.4000000000000057
1333,3,-0.4000000000000057
1334,3,-0.4000000000000057
1335,3,-0.4000000000000057
1336,3,-0.4000000000000057
1337,3,-0.4000000000000057
1338,3,-0.4000000000000057
1339,3,-0.4000000000000057
1340,3,-0.4000000000000057
1341,3,-0.4000000000000057
1342,3,-0.4000000000000057
1343,3,-0.4000000000000057
1344,3,-0.4000000000000057
1345,3,-0.4000000000000057
1346,3,-0.4000000000000057
1347,3,-0.4000000000000057
1348,3,-0.4000000000000057
1349,3,-0.4000000000000057
1350,3,-0.4000000000000057
1351,3,-0.4000000000000057
1352,3,-0.4000000000000057
1353,3,-0.4000000000000057
1354,3,-0.4000000000000057
1355,3,-0.4000000000000057
1356,3,-0.4000000000000057
1357,3,-0.4000000000000057
1358,3,-0.4000000000000057
1359,3,-0.4000000000000057
1360,3,-0.4000000000000057
1361,3,-0.4000000000000057
1362,3,-0.4000000000000057
1363,3,-0.4000000000000057
1364,3,-0.4000000000000057
1365,3,-0.4000000000000057
1366,3,-0.4000000000000057
1367,3,-0.4000000000000057
1368,3,-100.30000000000001
1369,1,5.716207951070338
1370,3,-0.3999999999999986
1371,3,2.6581039755351696
1372,3,-0.3999999999999986
1373,3,-0.3999999999999986
1374,3,2.6581039755351696
1375,3,-0.3999999999999986
1376,3,-0.3999999999999986
1377,3,2.6581039755351696
1378,3,2.6581039755351696
1379,3,-0.3999999999999986
1380,3,2.658103975535166
1381,3,-0.4000000000000057
1382,3,2.6581039755351625
1383,3,2.6581039755351625
1384,3,-0.4000000000000057
1385,3,2.6581039755351625
1386,3,2.6581039755351625
1387,3,2.6581039755351625
1388,3,2.6581039755351625
1389,3,2.658103975535159
1390,3,-0.4000000000000057
1391,3,2.6581039755351625
1392,3,2.6581039755351625
1393,3,2.6581039755351625
1394,3,2.6581039755351625
1395,3,2.6581039755351625
1396,3,2.6581039755351625
1397,3,2.6581039755351625
1398,3,-0.4000000000000057
1399,3,-0.4000000000000057
1400,3,-0.4000000000000057
1401,3,-0.4000000000000057
1402,3,-0.4000000000000057
1403,3,-0.4000000000000057
1404,3,-0.4000000000000057
1405,3,-0.4000000000000057
1406,3,-0.4000000000000057
1407,3,-0.4000000000000057
1408,3,-0.4000000000000057
1409,3,-0.4000000000000057
1410,3,-0.4000000000000057
1411,3,-0.4000000000000057
1412,3,-0.4000000000000057
1413,3,-0.4000000000000057
1414,3,-0.4000000000000057
1415,3,-0.4000000000000057
1416,3,-0.4000000000000057
1417,3,-0.4000000000000057
1418,3,-0.4000000000000057
1419,3,-0.4000000000000057
1420,3,-0.4000000000000057
1421,3,-0.4000000000000057
1422,3,-0.4000000000000057
1423,3,-0.4000000000000057
1424,3,-0.4000000000000057
1425,3,-0.4000000000000057
1426,3,-0.4000000000000057
1427,3,-0.4000000000000057
1428,3,-0.4000000000000057
1429,3,-0.4000000000000057
1430,3,-0.4000000000000057
1431,3,-0.4000000000000057
1432,3,-0.4000000000000057
1433,3,-0.4000000000000057
1434,3,-0.4000000000000057
1435,3,-0.4000000000000057
1436,3,-0.4000000000000057
1437,3,-0.4000000000000057
1438,3,-0.4000000000000057
1439,3,-0.4000000000000057
1440,3,-0.4000000000000057
1441,3,-0.4000000000000057
1442,3,-0.4000000000000057
1443,3,-0.4000000000000057
1444,3,-0.4000000000000057
1445,3,-0.4000000000000057
1446,3,-0.4000000000000057
1447,3,-0.4000000000000057
1448,3,-0.4000000000000057
1449,3,-0.4000000000000057
1450,3,-0.4000000000000057
1451,3,-0.4000000000000057
1452,3,-0.4000000000000057
1453,3,-0.4000000000000057
1454,1,-0.4000000000000057
1455,3,-0.4000000000000057
1456,3,-0.4000000000000057
1457,3,-0.4000000000000057
1458,3,-100
1459,3,6.266666666666668
1460,3,-0.3999999999999986
1461,1,-0.3999999999999986
1462,3,2.9333333333333345
1463,3,-0.3999999999999986
1464,3,-0.3999999999999986
1465,3,2.9333333333333353
1466,3,-0.3999999999999986
1467,3,2.9333333333333353
1468,3,-0.3999999999999986
1469,3,2.9333333333333353
1470,3,-0.3999999999999986
1471,3,2.9333333333333282
1472,3,2.9333333333333265
1473,3,-0.4000000000000057
1474,3,2.9333333333333265
1475,3,2.9333333333333265
1476,3,2.9333333333333265
1477,3,-0.4000000000000057
1478,3,2.93333333333333
1479,3,2.93333333333333
1480,3,2.93333333333333
1481,3,2.93333333333333
1482,3,2.93333333333333
1483,3,2.93333333333333
1484,3,2.93333333333333
1485,3,2.93333333333333
1486,3,2.93333333333333
1487,3,-0.4000000000000057
1488,3,-0.4000000000000057
1489,3,-0.4000000000000057
1490,3,-0.4000000000000057
1491,3,-0.4000000000000057
1492,3,-0.4000000000000057
1493,3,-0.4000000000000057
1494,3,-0.4000000000000057
1495,3,-0.4000000000000057
1496,3,-0.4000000000000057
1497,3,-0.4000000000000057
1498,3,-0.4000000000000057
1499,3,-0.4000000000000057
1500,3,-0.4000000000000057
1501,3,-0.4000000000000057
1502,3,-0.4000000000000057
1503,3,-0.4000000000000057
1504,3,-0.4000000000000057
1505,3,-0.4000000000000057
1506,3,-0.4000000000000057
1507,3,-0.4000000000000057
1508,3,-0.4000000000000057
1509,3,-0.4000000000000057
1510,3,-0.4000000000000057
1511,3,-0.4000000000000057
1512,3,-0.4000000000000057
1513,3,-0.4000000000000057
1514,3,-0.4000000000000057
1515,3,-0.4000000000000057
1516,3,-0.4000000000000057
1517,3,-0.4000000000000057
1518,3,-0.4000000000000057
1519,3,-0.4000000000000057
1520,3,-0.4000000000000057
1521,3,-0.4000000000000057
1522,3,-0.4000000000000057
1523,3,-0.4000000000000057
1524,3,-0.4000000000000057
1525,3,-0.4000000000000057
1526,3,-0.4000000000000057
1527,3,-0.4000000000000057
1528,3,-0.4000000000000057
1529,3,-0.4000000000000057
1530,3,-0.4000000000000057
1531,3,-0.4000000000000057
1532,3,-0.4000000000000057
1533,3,-0.4000000000000057
1534,3,-0.4000000000000057
1535,3,-0.4000000000000057
1536,3,-0.4000000000000057
1537,3,-0.4000000000000057
1538,3,-0.4000000000000057
1539,3,-0.4000000000000057
1540,3,-0.4000000000000057
1541,3,-0.4000000000000057
1542,3,-0.4000000000000057
1543,3,-0.4000000000000057
1544,3,-0.4000000000000057
1545,3,-0.4000000000000057
1546,3,-0.4000000000000057
1547,1,-0.4000000000000057
1548,1,-100
1549,3,5.660606060606062
1550,3,-0.3999999999999986
1551,3,-0.3999999999999986
1552,3,2.6303030303030317
1553,3,-0.3999999999999986
1554,3,-0.3999999999999986
1555,3,2.6303030303030317
1556,3,-0.3999999999999986
1557,3,2.630303030303031
1558,3,-0.3999999999999986
1559,3,2.630303030303031
1560,3,2.630303030303029
1561,3,-0.4000000000000057
1562,3,2.6303030303030255
1563,3,2.6303030303030255
1564,3,-0.4000000000000057
1565,3,2.6303030303030255
1566,3,2.6303030303030255
1567,3,2.6303030303030255
1568,3,-0.4000000000000057
1569,3,2.6303030303030255
1570,3,2.630303030303022
1571,3,2.6303030303030255
1572,3,2.6303030303030255
1573,3,2.6303030303030255
1574,3,2.6303030303030255
1575,3,2.6303030303030255
1576,3,2.6303030303030255
1577,3,2.6303030303030255
1578,3,-0.4000000000000057
1579,3,-0.4000000000000057
1580,3,-0.4000000000000057
1581,3,-0.4000000000000057
1582,3,-0.4000000000000057
1583,3,-0.4000000000000057
1584,3,-0.4000000000000057
1585,3,-0.4000000000000057
1586,3,-0.4000000000000057
1587,3,-0.4000000000000057
1588,3,-0.4000000000000057
1589,3,-0.4000000000000057
1590,3,-0.4000000000000057
1591,3,-0.4000000000000057
1592,3,-0.4000000000000057
1593,3,-0.4000000000000057
1594,3,-0.4000000000000057
1595,3,-0.4000000000000057
1596,3,-0.4000000000000057
1597,3,-0.4000000000000057
1598,3,-0.4000000000000057
1599,3,-0.4000000000000057
1600,3,-0.4000000000000057
1601,3,-0.4000000000000057
1602,3,-0.4000000000000057
1603,3,-0.4000000000000057
1604,3,-0.4000000000000057
1605,3,-0.4000000000000057
1606,3,-0.4000000000000057
1607,3,-0.4000000000000057
1608,3,-0.4000000000000057
1609,3,-0.4000000000000057
1610,3,-0.4000000000000057
1611,3,-0.4000000000000057
1612,3,-0.4000000000000057
1613,2,-0.4000000000000057
1614,3,-0.4000000000000057
1615,3,-0.4000000000000057
1616,3,-0.4000000000000057
1617,3,-0.4000000000000057
1618,2,-0.4000000000000057
1619,3,-0.4000000000000057
1620,3,-0.4000000000000057
1621,3,-0.4000000000000057
1622,3,-0.4000000000000057
1623,3,-0.4000000000000057
1624,3,-0.4000000000000057
1625,3,-0.4000000000000057
1626,3,-0.4000000000000057
1627,3,-0.4000000000000057
1628,3,-0.4000000000000057
1629,3,-0.4000000000000057
1630,3,-0.4000000000000057
1631,3,-0.4000000000000057
1632,3,-0.4000000000000057
1633,3,-0.4000000000000057
1634,3,-0.4000000000000057
1635,3,-0.4000000000000057
1636,2,-0.4000000000000057
1637,1,-0.4000000000000057
1638,3,-100.1
1639,2,6.472852233676977
1640,3,-0.3999999999999986
1641,3,3.0364261168384887
1642,3,-0.3999999999999986
1643,3,-0.3999999999999986
1644,3,3.0364261168384896
1645,3,-0.3999999999999986
1646,3,-0.3999999999999986
1647,3,3.0364261168384896
1648,3,3.036426116838488
1649,3,-0.4000000000000057
1650,3,3.0364261168384807
1651,3,-0.4000000000000057
1652,3,3.0364261168384807
1653,3,3.0364261168384807
1654,3,3.0364261168384807
1655,3,-0.4000000000000057
1656,3,3.0364261168384807
1657,3,3.0364261168384807
1658,3,3.0364261168384843
1659,3,3.0364261168384843
1660,3,-0.4000000000000057
1661,3,3.0364261168384843
1662,3,3.0364261168384843
1663,3,3.0364261168384843
1664,3,3.0364261168384843
1665,3,3.0364261168384843
1666,3,3.0364261168384843
1667,3,3.0364261168384843
1668,3,3.036426116838477
1669,3,3.0364261168385127
1670,3,6.472852233677003
1671,3,3.0364261168385127
1672,3,3.0364261168385127
1673,3,3.0364261168385127
1674,3,3.0364261168385127
1675,3,3.0364261168385127
1676,3,6.472852233677003
1677,3,3.0364261168385127
1678,3,6.472852233677003
1679,3,6.472852233677003
1680,3,-0.39999999999997726
1681,3,-0.39999999999997726
1682,3,-0.39999999999997726
1683,3,-0.39999999999997726
1684,3,-0.39999999999997726
1685,3,-0.39999999999997726
1686,3,-0.39999999999997726
1687,3,-0.39999999999997726
1688,3,-0.39999999999997726
1689,3,-0.39999999999997726
1690,3,-0.39999999999997726
1691,3,-0.39999999999997726
1692,3,-0.39999999999997726
1693,3,-0.39999999999997726
1694,3,-0.39999999999997726
1695,3,-0.39999999999997726
1696,3,-0.39999999999997726
1697,3,-0.39999999999997726
1698,3,-0.39999999999997726
1699,3,-0.39999999999997726
1700,1,-100.19999999999999
1701,3,6.899270072992702
1702,3,-0.3999999999999986
1703,3,3.2496350364963513
1704,3,-0.3999999999999986
1705,3,-0.3999999999999986
