0,4,0.0
1,5,0.0
2,2,0.0
3,5,0.0
4,4,0.0
5,3,0.0
6,3,0.0
7,2,0.0
8,2,0.0
9,0,0.0
10,3,0.0
11,0,0.0
12,0,0.0
13,5,0.0
14,3,0.0
15,3,0.0
16,5,0.0
17,5,0.0
18,4,0.0
19,4,0.0
20,5,0.0
21,2,0.0
22,4,0.0
23,1,0.0
24,2,0.0
25,1,0.0
26,1,0.0
27,2,0.0
28,1,0.0
29,5,0.0
30,2,0.0
31,5,0.0
32,1,0.0
33,1,0.0
34,2,0.0
35,1,0.0
36,3,0.0
37,3,0.0
38,2,0.0
39,0,0.0
40,3,0.0
41,1,0.0
42,1,0.0
43,5,0.0
44,3,0.0
45,4,0.0
46,4,0.0
47,3,0.0
48,4,0.0
49,2,0.0
50,2,0.0
51,3,0.0
52,2,0.0
53,2,0.0
54,1,0.0
55,2,0.0
56,2,0.0
57,2,0.0
58,3,0.0
59,3,0.0
60,5,0.0
61,5,0.0
62,5,0.0
63,2,0.0
64,2,0.0
65,3,0.0
66,5,0.0
67,5,0.0
68,3,0.0
69,0,0.0
70,4,0.0
71,1,0.0
72,5,0.0
73,4,0.0
74,5,0.0
75,2,0.0
76,0,0.0
77,1,0.0
78,3,0.0
79,3,0.0
80,5,0.0
81,4,0.0
82,3,0.0
83,3,0.0
84,0,0.0
85,1,0.0
86,5,0.0
87,4,0.0
88,0,0.0
89,4,0.0
90,4,0.0
91,0,0.0
92,4,0.0
93,2,0.0
94,1,0.0
95,1,0.0
96,2,0.0
97,3,0.0
98,2,0.0
99,2,0.0
100,5,0.0
101,4,0.0
102,1,0.0
103,5,0.0
104,1,0.0
105,4,0.0
106,2,0.0
107,0,0.0
108,0,0.5
109,2,0.0
110,3,0.0
111,1,0.0
112,4,0.0
113,5,0.0
114,1,0.0
115,3,0.0
116,2,0.0
117,0,0.0
118,3,0.0
119,3,1.0
120,4,0.0
121,1,0.0
122,4,0.0
123,3,0.0
124,1,0.0
125,0,0.0
126,4,0.0
127,4,0.0
128,5,0.0
129,4,0.0
130,1,0.0
131,1,1.5
132,5,0.0
133,4,0.0
134,3,0.0
135,1,0.0
136,1,0.0
137,4,0.0
138,5,0.0
139,0,0.0
140,4,0.0
141,5,0.0
142,2,0.0
143,1,0.0
144,5,0.0
145,2,0.0
146,5,0.0
147,5,0.0
148,2,0.0
149,1,0.0
150,2,0.0
151,0,0.0
152,5,0.0
153,5,0.0
154,2,0.0
155,4,0.0
156,1,0.0
157,1,0.0
158,3,0.0
159,5,0.0
160,1,0.0
161,0,0.0
162,2,0.0
163,2,0.0
164,3,0.0
165,0,0.0
166,5,0.0
167,3,0.0
168,4,0.0
169,5,0.0
170,4,0.0
171,4,0.0
172,4,0.0
173,3,0.0
174,2,0.0
175,1,0.0
176,2,0.0
177,5,0.0
178,4,0.0
179,5,0.0
180,5,0.0
181,0,0.0
182,5,0.0
183,2,0.0
184,1,0.0
185,3,0.0
186,3,0.0
187,3,0.0
188,5,0.0
189,2,0.0
190,5,0.0
191,4,0.0
192,5,0.0
193,5,0.0
194,0,0.0
195,1,0.0
196,2,0.0
197,4,0.0
198,5,0.0
199,3,0.0
200,3,0.0
201,2,0.0
202,3,0.0
203,5,0.0
204,2,0.0
205,1,0.0
206,5,0.0
207,2,0.0
208,1,0.0
209,1,0.0
210,4,0.0
211,2,0.0
212,2,0.0
213,3,0.0
214,3,0.0
215,5,0.0
216,0,0.0
217,4,0.0
218,1,0.0
219,0,0.0
220,5,0.0
221,4,0.0
222,3,0.0
223,5,0.0
224,0,0.0
225,3,0.0
226,4,0.0
227,5,0.0
228,5,0.0
229,0,0.0
230,3,0.0
231,3,0.0
232,5,0.0
233,2,0.0
234,0,0.0
235,3,0.0
236,4,0.0
237,4,0.0
238,3,0.0
239,2,0.0
240,3,0.0
241,4,0.0
242,2,0.0
243,5,0.0
244,1,0.0
245,0,0.0
246,2,0.0
247,4,0.0
248,5,0.0
249,0,0.0
250,5,0.0
251,3,0.0
252,0,0.0
253,0,0.0
254,4,0.0
255,2,0.0
256,5,0.0
257,0,0.0
258,4,0.0
259,2,0.0
260,2,0.0
261,5,0.0
262,5,0.0
263,4,0.0
264,4,0.0
265,0,0.0
266,5,0.0
267,2,0.0
268,3,0.0
269,2,0.0
270,0,0.0
271,0,0.0
272,2,0.0
273,0,0.0
274,2,0.0
275,4,0.0
276,0,0.0
277,0,0.0
278,1,0.0
279,5,0.0
280,2,0.0
281,2,0.0
282,4,0.0
283,5,0.0
284,2,0.5
285,1,0.0
286,5,0.0
287,5,0.0
288,2,0.0
289,0,0.0
290,3,0.0
291,3,0.0
292,5,0.0
293,4,0.0
294,5,0.0
295,3,0.0
296,5,0.0
297,2,0.0
298,3,0.0
299,5,0.0
300,4,0.0
301,2,0.0
302,5,0.0
303,5,0.0
304,2,0.0
305,3,0.0
306,0,0.0
307,1,0.0
308,0,0.0
309,0,0.0
310,4,0.0
311,4,0.0
312,5,0.0
313,0,0.0
314,4,0.0
315,4,0.0
316,5,0.0
317,2,0.0
318,2,0.0
319,3,0.0
320,2,0.0
321,2,0.0
322,5,0.0
323,1,0.0
324,4,0.0
325,4,0.0
326,2,0.0
327,0,0.0
328,2,0.0
329,4,0.0
330,2,0.0
331,5,0.0
332,5,0.0
333,3,0.0
334,4,0.0
335,0,0.0
336,0,0.0
337,4,0.0
338,3,0.0
339,4,0.0
340,5,0.0
341,5,0.0
342,3,0.0
343,0,0.0
344,5,0.0
345,4,0.0
346,0,0.0
347,2,0.0
348,1,0.0
349,0,0.0
350,5,0.0
351,0,0.0
352,5,0.0
353,2,0.0
354,2,0.0
355,3,0.0
356,5,0.0
357,5,0.0
358,4,0.0
359,2,0.0
360,5,0.0
361,4,0.0
362,1,0.0
363,2,0.0
364,1,0.0
365,2,0.0
366,5,0.0
367,2,0.0
368,5,0.0
369,0,0.0
370,5,0.0
371,2,0.0
372,5,0.0
373,2,0.0
374,3,0.0
375,3,0.0
376,3,0.0
377,1,0.0
378,0,0.0
379,4,0.0
380,5,0.0
381,1,0.0
382,1,0.0
383,5,0.0
384,4,0.0
385,2,0.0
386,5,0.0
387,4,0.0
388,5,0.0
389,2,0.0
390,5,0.0
391,2,2.0
392,0,0.0
393,0,0.0
394,3,0.0
395,2,0.0
396,2,0.0
397,3,0.0
398,1,0.0
399,1,0.0
400,0,0.0
401,0,0.0
402,5,0.0
403,5,0.0
404,4,0.0
405,4,0.0
406,2,0.0
407,4,0.0
408,2,0.0
409,5,0.0
410,0,0.0
411,0,0.0
412,5,0.0
413,1,0.0
414,5,0.0
415,3,0.0
416,3,0.0
417,5,0.0
418,5,0.0
419,5,0.0
420,0,0.0
421,4,0.0
422,1,0.0
423,2,0.0
424,5,0.0
425,3,0.0
426,4,0.0
427,3,0.0
428,3,0.0
429,2,0.0
430,4,0.0
431,2,0.0
432,2,0.0
433,2,0.0
434,5,0.0
435,3,0.0
436,3,0.0
437,3,1.0
438,4,0.0
439,3,0.0
440,1,0.0
441,0,0.0
442,4,0.0
443,5,0.0
444,2,0.0
445,4,0.0
446,4,0.0
447,1,1.5
448,4,0.0
449,5,0.0
450,0,0.0
451,4,0.0
452,0,0.0
453,1,0.0
454,3,0.0
455,1,0.0
456,4,0.0
457,0,0.0
458,4,0.0
459,5,0.0
460,5,0.0
461,3,0.0
462,2,0.0
463,4,0.0
464,4,0.0
465,2,0.0
466,5,0.0
467,2,0.0
468,0,0.0
469,5,0.0
470,0,0.0
471,1,0.0
472,1,0.0
473,4,0.0
474,1,0.0
475,2,2.0
476,0,0.0
477,3,0.0
478,1,0.0
479,5,0.0
480,4,0.0
481,5,0.0
482,3,0.0
483,5,0.0
484,0,0.0
485,0,0.0
486,1,0.0
487,5,0.0
488,5,0.0
489,2,0.0
490,1,0.0
491,2,0.0
492,5,0.0
493,3,0.0
494,3,0.0
495,0,0.0
496,0,0.0
497,2,0.0
498,1,0.0
499,3,0.0
500,3,0.0
501,4,0.0
502,2,0.0
503,4,0.0
504,0,0.0
505,5,0.0
506,0,0.0
507,4,0.0
508,4,0.0
509,5,0.0
510,3,0.0
511,5,0.0
512,0,0.0
513,2,0.0
514,5,0.0
515,3,0.0
516,5,0.0
517,4,0.0
518,0,0.0
519,2,0.0
520,3,0.0
521,0,0.0
522,2,0.0
523,0,0.0
524,0,0.0
525,3,0.0
526,3,0.0
527,3,0.0
528,5,0.0
529,3,0.0
530,1,0.0
531,3,0.0
532,5,0.0
533,0,0.0
534,5,0.0
535,0,0.0
536,5,0.0
537,5,0.0
538,2,0.0
539,0,0.0
540,3,0.0
541,0,0.0
542,0,0.0
543,0,0.0
544,0,0.0
545,4,0.0
546,1,0.0
547,2,0.0
548,4,0.0
549,0,0.0
550,2,0.0
551,4,0.0
552,1,0.0
553,2,0.0
554,4,0.0
555,4,0.0
556,4,0.0
557,2,0.0
558,3,0.0
559,2,0.0
560,2,0.0
561,1,0.0
562,3,0.0
563,4,0.0
564,2,0.0
565,5,0.0
566,2,0.0
567,3,0.0
568,5,0.0
569,3,0.0
570,5,0.0
571,2,0.0
572,0,0.0
573,5,0.0
574,0,0.5
575,3,0.0
576,4,0.0
577,4,0.0
578,4,0.0
579,2,0.0
580,0,0.0
581,1,0.0
582,1,0.0
583,2,0.0
584,3,0.0
585,1,0.0
586,5,0.0
587,2,0.0
588,2,0.0
589,4,0.0
590,2,0.0
591,4,0.0
592,5,0.0
593,4,0.0
594,4,0.0
595,0,0.0
596,2,0.0
597,0,0.0
598,4,0.0
599,1,0.0
600,4,0.0
601,0,0.0
602,3,0.0
603,2,0.0
604,3,0.0
605,5,0.0
606,2,0.0
607,0,0.0
608,4,0.0
609,1,0.0
610,3,0.0
611,1,0.0
612,4,0.0
613,5,0.0
614,1,0.0
615,2,0.0
616,4,0.0
617,0,0.0
618,3,0.0
619,1,0.0
620,4,0.0
621,1,0.0
622,5,0.0
623,0,0.0
624,0,0.0
625,0,0.0
626,0,0.0
627,0,0.0
628,3,0.0
629,5,0.0
630,5,0.0
631,3,0.0
632,5,0.0
633,3,0.0
634,5,0.0
635,2,0.0
636,5,0.0
637,3,0.0
638,0,0.0
639,4,0.0
640,2,0.0
641,0,0.0
642,3,0.0
643,3,2.0
644,4,0.0
645,5,0.0
646,1,0.0
647,0,0.0
648,1,0.0
649,3,0.0
650,0,0.0
651,3,0.5
652,4,0.0
653,2,0.0
654,4,0.0
655,2,0.0
656,5,0.0
657,4,0.0
658,2,0.0
659,3,0.0
660,5,1.0
661,2,0.0
662,2,0.0
663,3,0.0
664,1,0.0
665,2,0.0
666,0,0.0
667,2,0.0
668,5,0.0
669,3,0.0
670,0,0.0
671,2,0.0
672,5,0.0
673,0,0.0
674,0,0.0
675,4,0.0
676,1,0.0
677,4,0.0
678,0,0.0
679,1,0.0
680,3,0.0
681,3,0.0
682,5,0.0
683,2,0.0
684,2,0.0
685,1,0.0
686,3,0.0
687,2,0.0
688,3,0.0
689,2,0.0
690,5,0.0
691,3,0.0
692,3,0.0
693,5,0.0
694,2,0.0
695,2,0.0
696,0,0.0
697,0,0.0
698,1,0.0
699,4,0.0
700,4,0.0
701,2,0.0
702,3,0.0
703,1,0.0
704,2,0.0
705,5,0.0
706,3,0.0
707,3,0.0
708,4,0.0
709,0,0.0
710,2,0.0
711,4,0.0
712,1,0.0
713,1,0.0
714,2,0.0
715,1,0.0
716,3,0.0
717,3,0.0
718,2,0.0
719,1,0.0
720,5,0.0
721,4,0.0
722,1,0.0
723,3,0.0
724,0,0.0
725,5,0.0
726,0,1.5
727,2,0.0
728,5,0.0
729,5,0.0
730,3,0.0
731,4,0.0
732,3,0.0
733,0,0.0
734,2,0.0
735,4,0.0
736,0,0.0
737,3,0.0
738,0,0.0
739,2,0.0
740,5,0.0
741,4,0.0
742,4,0.0
743,3,2.5
744,2,0.0
745,2,0.0
746,5,0.0
747,3,0.0
748,3,0.0
749,0,0.0
750,3,0.0
751,3,0.0
752,2,0.0
753,0,0.0
754,5,0.0
755,0,0.0
756,5,0.0
757,2,0.0
758,3,0.0
759,1,0.0
760,1,0.0
761,3,0.0
762,1,0.0
763,3,0.0
764,4,0.0
765,2,0.0
766,2,0.0
767,2,0.0
768,5,0.0
769,1,0.0
770,4,0.0
771,0,0.0
772,4,0.0
773,5,0.0
774,1,0.0
775,5,0.0
776,4,0.0
777,1,0.0
778,1,0.0
779,1,0.0
780,4,0.0
781,2,0.0
782,3,0.0
783,5,0.0
784,2,0.0
785,5,0.0
786,0,0.0
787,3,0.0
788,3,0.0
789,3,0.0
790,5,0.0
791,3,0.0
792,4,0.0
793,5,0.0
794,5,0.0
795,4,0.0
796,4,0.0
797,4,0.0
798,5,0.0
799,0,0.0
800,4,0.0
801,5,0.0
802,3,0.0
803,5,0.0
804,4,0.0
805,4,0.0
806,3,0.0
807,2,0.0
808,5,0.0
809,5,0.0
810,0,0.5
811,1,0.0
812,2,0.0
813,4,0.0
814,0,0.0
815,0,0.0
816,0,0.0
817,3,0.0
818,0,0.0
819,4,0.0
820,3,0.0
821,0,0.0
822,1,0.0
823,0,0.0
824,5,0.0
825,5,0.0
826,4,0.0
827,2,0.0
828,3,0.0
829,2,0.0
830,1,0.0
831,4,0.0
832,0,0.0
833,1,0.0
834,4,0.0
835,4,0.0
836,5,0.0
837,1,0.0
838,3,0.0
839,5,0.0
840,5,0.0
841,4,0.0
842,4,0.0
843,1,0.0
844,3,0.0
845,1,0.0
846,5,0.0
847,0,0.0
848,2,0.0
849,5,0.0
850,5,0.0
851,1,0.0
852,2,0.0
853,4,0.0
854,0,0.0
855,3,0.0
856,4,0.0
857,0,0.0
858,5,0.0
859,2,0.0
860,5,0.0
861,3,0.0
862,5,0.0
863,4,0.0
864,3,0.0
865,2,0.0
866,5,0.0
867,2,0.0
868,4,0.0
869,1,0.0
870,2,0.0
871,0,0.0
872,0,0.0
873,4,0.0
874,1,0.0
875,4,0.0
876,1,0.0
877,3,0.0
878,5,0.0
879,2,0.0
880,0,0.0
881,2,0.0
882,3,0.0
883,2,0.0
884,5,0.0
885,3,0.0
886,3,0.0
887,1,0.0
888,3,0.0
889,5,0.0
890,2,0.0
891,3,0.0
892,1,0.0
893,0,0.0
894,5,0.0
895,5,0.0
896,1,0.0
897,2,0.0
898,5,0.0
899,0,0.0
900,2,0.0
901,4,0.0
902,3,0.0
903,2,0.0
904,0,0.0
905,4,0.0
906,1,0.0
907,0,0.0
908,0,0.0
909,3,0.0
910,2,0.0
911,2,0.0
912,2,0.0
913,4,0.0
914,1,0.0
915,4,0.0
916,0,0.0
917,3,0.0
918,2,0.0
919,2,0.0
920,4,0.0
921,5,0.0
922,2,0.0
923,2,0.0
924,5,0.0
925,5,0.0
926,0,0.0
927,0,0.0
928,5,0.0
929,4,0.0
930,4,0.0
931,4,0.0
932,0,1.0
933,5,0.0
934,0,0.0
935,0,0.0
936,4,0.0
937,2,0.0
938,2,0.0
939,2,0.0
940,1,0.0
941,3,0.0
942,1,0.0
943,0,0.0
944,4,0.0
945,5,0.0
946,1,0.0
947,0,0.0
948,2,0.0
949,0,0.0
950,5,0.0
951,1,0.0
952,2,0.0
953,4,0.0
954,2,0.0
955,1,0.0
956,2,0.0
957,2,0.0
958,1,0.0
959,5,0.0
960,5,0.0
961,2,0.0
962,0,0.0
963,0,0.0
964,5,0.0
965,2,0.0
966,4,0.0
967,2,0.0
968,2,0.0
969,5,0.0
970,2,0.0
971,0,0.0
972,3,0.0
973,5,0.0
974,3,0.0
975,2,0.0
976,0,0.0
977,3,0.0
978,3,0.0
979,5,0.0
980,4,0.0
981,5,0.0
982,5,0.0
983,5,0.0
984,1,0.0
985,2,0.5
986,1,0.0
987,4,0.0
988,1,0.0
989,5,0.0
990,3,0.0
991,0,0.0
992,2,0.0
993,5,0.0
994,3,1.0
995,3,0.0
996,3,0.0
997,2,0.0
998,4,0.0
999,3,0.0
1000,4,0.0
1001,0,0.0
1002,4,0.0
1003,0,0.0
1004,3,0.0
1005,5,0.0
1006,1,0.0
1007,4,0.0
1008,3,1.5
1009,1,0.0
1010,2,0.0
1011,1,0.0
1012,1,0.0
1013,0,0.0
1014,5,0.0
1015,4,0.0
1016,1,0.0
1017,3,0.0
1018,2,0.0
1019,4,0.0
1020,4,0.0
1021,4,0.0
1022,2,2.0
1023,2,0.0
1024,5,0.0
1025,1,0.0
1026,0,0.0
1027,5,0.0
1028,4,0.0
1029,1,0.0
1030,2,0.0
1031,2,0.0
1032,4,0.0
1033,4,0.0
1034,2,0.0
1035,0,0.0
1036,1,0.0
1037,1,0.0
1038,5,0.0
1039,1,0.0
1040,5,0.0
1041,4,0.0
1042,4,0.0
1043,3,0.0
1044,5,0.0
1045,3,0.0
1046,0,0.0
1047,2,0.0
1048,0,0.0
1049,4,0.0
1050,3,0.0
1051,4,0.0
1052,1,0.0
1053,0,0.0
1054,3,0.0
1055,4,0.0
1056,4,0.0
1057,1,0.0
1058,3,0.0
1059,3,0.0
1060,3,0.0
1061,3,0.0
1062,5,0.0
1063,2,0.0
1064,5,0.0
1065,3,0.0
1066,5,0.0
1067,2,0.0
1068,3,0.0
1069,3,0.0
1070,2,0.0
1071,1,0.0
1072,5,0.0
1073,5,0.0
1074,1,0.0
1075,4,0.0
1076,3,0.0
1077,2,0.0
1078,4,0.0
1079,5,0.0
1080,5,0.0
1081,0,0.0
1082,3,0.0
1083,0,0.0
1084,0,0.0
1085,5,0.0
1086,1,0.0
1087,0,0.0
1088,5,0.0
1089,3,0.0
1090,2,0.0
1091,5,0.0
1092,5,0.0
1093,3,0.0
1094,2,0.0
1095,5,0.0
1096,4,0.0
1097,5,0.0
1098,5,0.0
1099,2,0.0
1100,3,0.0
1101,1,0.0
1102,1,0.0
1103,3,0.0
1104,3,0.0
1105,0,0.0
1106,3,0.0
1107,3,0.0
1108,2,0.0
1109,2,0.0
1110,1,0.0
1111,2,0.0
1112,3,0.0
1113,1,0.0
1114,4,0.0
1115,0,0.0
1116,4,0.0
1117,3,0.0
1118,1,0.0
1119,3,0.0
1120,0,0.0
1121,1,0.0
1122,5,0.0
1123,1,0.0
1124,1,0.0
1125,5,0.0
1126,4,0.0
1127,0,0.0
1128,1,0.0
1129,0,0.0
1130,5,0.0
1131,1,0.0
1132,2,0.0
1133,4,0.0
1134,2,0.0
1135,5,0.0
1136,5,0.0
1137,4,0.0
1138,2,0.0
1139,4,0.0
1140,1,0.0
1141,1,0.0
1142,4,0.0
1143,4,0.0
1144,3,0.0
1145,1,0.0
1146,1,0.0
1147,1,0.0
1148,3,0.0
1149,1,0.0
1150,4,0.0
1151,4,0.0
1152,5,0.0
1153,1,0.0
1154,4,0.0
1155,1,0.0
1156,1,0.0
1157,1,0.0
1158,2,0.5
1159,3,0.0
1160,3,0.0
1161,0,0.0
1162,4,0.0
1163,1,0.0
1164,2,0.0
1165,3,0.0
1166,3,0.0
1167,2,0.0
1168,4,0.0
1169,1,0.0
1170,3,1.0
1171,2,0.0
1172,4,0.0
1173,2,0.0
1174,5,0.0
1175,4,0.0
1176,2,0.0
1177,1,0.0
1178,1,0.0
1179,1,0.0
1180,3,0.0
1181,0,0.0
1182,1,0.0
1183,2,1.5
1184,4,0.0
1185,4,0.0
1186,5,0.0
1187,3,0.0
1188,5,0.0
1189,1,0.0
1190,2,0.0
1191,4,0.0
1192,0,0.0
1193,3,0.0
1194,1,0.0
1195,1,0.0
1196,5,0.0
1197,3,0.0
1198,3,0.0
1199,5,0.0
1200,2,0.0
1201,3,0.0
1202,3,0.0
1203,2,0.0
1204,4,0.0
1205,3,0.0
1206,3,0.0
1207,3,0.0
1208,5,0.0
1209,2,0.0
1210,4,0.0
1211,3,0.0
1212,0,0.0
1213,1,0.0
1214,5,0.0
1215,1,0.0
1216,3,0.0
1217,1,0.0
1218,1,2.0
1219,3,0.0
1220,5,0.0
1221,3,0.0
1222,0,0.0
1223,2,0.0
1224,0,0.0
1225,1,0.0
1226,5,0.0
1227,4,0.0
1228,1,0.0
1229,3,0.0
1230,4,0.0
1231,4,0.5
1232,1,0.0
1233,1,0.0
1234,0,0.0
1235,3,0.0
1236,2,0.0
1237,4,0.0
1238,0,0.0
1239,5,0.0
1240,5,0.0
1241,4,0.0
1242,5,0.0
1243,1,0.0
1244,1,0.0
1245,5,1.0
1246,2,0.0
1247,2,0.0
1248,3,0.0
1249,5,0.0
1250,4,0.0
1251,4,0.0
1252,1,0.0
1253,2,0.0
1254,1,0.0
1255,2,0.0
1256,5,0.0
1257,2,0.0
1258,5,0.0
1259,1,0.0
1260,3,0.0
1261,5,0.0
1262,1,0.0
1263,0,0.0
1264,2,0.0
1265,0,0.0
1266,5,0.0
1267,1,0.0
1268,2,0.0
1269,3,0.0
1270,1,0.0
1271,1,0.0
1272,1,0.0
1273,1,0.0
1274,2,0.0
1275,4,0.0
1276,0,0.0
1277,2,0.0
1278,3,0.0
1279,3,0.0
1280,4,0.0
1281,5,0.0
1282,3,0.0
1283,1,0.0
1284,2,0.0
1285,2,0.0
1286,1,0.0
1287,1,0.0
1288,1,0.0
1289,2,0.0
1290,0,0.0
1291,0,1.5
1292,2,0.0
1293,5,0.0
1294,2,0.0
1295,3,0.0
1296,0,0.0
1297,5,0.0
1298,5,0.0
1299,1,0.0
1300,1,0.0
1301,1,0.0
1302,5,0.0
1303,4,0.0
1304,1,0.0
1305,5,2.0
1306,3,0.0
1307,2,0.0
1308,3,0.0
1309,1,0.0
1310,5,0.0
1311,5,0.0
1312,2,0.0
1313,2,0.0
1314,2,0.0
1315,3,0.0
1316,1,0.0
1317,5,0.0
1318,5,0.0
1319,2,0.0
1320,4,0.0
1321,4,0.0
1322,0,0.0
1323,4,0.0
1324,2,0.0
1325,5,0.0
1326,2,0.0
1327,1,0.0
1328,5,0.0
1329,0,0.0
1330,4,0.0
1331,0,0.0
1332,0,0.0
1333,2,0.0
1334,4,0.0
1335,1,0.0
1336,1,0.0
1337,0,0.0
1338,2,0.0
1339,2,0.0
1340,5,0.0
1341,1,0.0
1342,4,0.0
1343,1,0.0
1344,3,2.5
1345,0,0.0
1346,4,0.0
1347,3,0.0
1348,0,0.0
1349,3,0.0
1350,2,0.0
1351,0,0.0
1352,4,0.0
1353,2,0.0
1354,5,0.0
1355,5,0.0
1356,5,0.0
1357,3,0.0
1358,4,0.0
1359,1,0.0
1360,2,2.5
1361,3,0.0
1362,3,0.0
1363,4,0.0
1364,2,0.0
1365,5,0.0
1366,5,0.0
1367,1,0.0
1368,1,0.0
1369,1,0.0
1370,3,0.0
1371,0,0.0
1372,5,0.0
1373,0,0.0
1374,4,0.0
1375,0,0.0
1376,2,0.0
1377,3,0.0
1378,3,0.0
1379,4,3.0
1380,4,0.0
1381,3,0.0
1382,0,0.0
1383,0,0.0
1384,5,0.0
1385,5,0.0
1386,2,0.0
1387,5,0.0
1388,2,0.0
1389,3,0.0
1390,5,0.0
1391,2,0.0
1392,3,0.0
1393,1,0.0
1394,5,0.0
1395,3,0.0
1396,0,0.0
1397,2,0.0
1398,5,0.0
1399,2,0.0
1400,4,0.0
1401,4,0.0
1402,1,0.0
1403,2,0.0
1404,1,0.0
1405,1,0.0
1406,0,0.0
1407,3,0.0
1408,0,0.0
1409,3,0.0
1410,1,0.0
1411,4,0.0
1412,3,0.0
1413,4,0.0
1414,4,0.0
1415,2,0.0
1416,1,0.0
1417,5,0.0
1418,0,0.0
1419,4,0.0
1420,2,0.0
1421,2,0.0
1422,4,0.0
1423,3,0.0
1424,2,0.0
1425,5,0.0
1426,4,0.0
1427,5,0.0
1428,1,0.0
1429,0,0.0
1430,2,0.0
1431,2,0.0
1432,5,0.0
1433,4,0.0
1434,4,0.0
1435,0,0.0
1436,2,0.0
1437,0,0.0
1438,4,0.0
1439,3,0.0
1440,1,0.0
1441,5,0.0
1442,0,0.0
1443,5,0.0
1444,5,0.0
1445,1,0.0
1446,3,0.0
1447,4,0.0
1448,4,0.0
1449,3,0.0
1450,4,0.0
1451,1,0.0
1452,4,0.0
1453,3,0.0
1454,0,0.0
1455,2,0.0
1456,3,0.0
1457,2,0.0
1458,5,0.0
1459,3,0.0
1460,1,0.0
1461,1,0.0
1462,2,0.0
1463,2,0.0
1464,1,0.0
1465,1,0.0
1466,4,0.0
1467,1,0.0
1468,5,0.0
1469,0,0.0
1470,0,0.0
1471,2,0.0
1472,0,0.5
1473,5,0.0
1474,1,0.0
1475,4,0.0
1476,2,0.0
1477,4,0.0
1478,0,0.0
1479,5,0.0
1480,4,1.0
1481,1,0.0
1482,2,0.0
1483,5,0.0
1484,0,0.0
1485,0,0.0
1486,1,0.0
1487,0,0.0
1488,1,0.0
1489,0,0.0
1490,5,0.0
1491,5,0.0
1492,2,0.0
1493,5,0.0
1494,2,0.0
1495,4,0.0
1496,4,0.0
1497,0,0.0
1498,4,0.0
1499,2,0.0
1500,3,0.0
1501,1,0.0
1502,4,0.0
1503,2,0.0
1504,5,0.0
1505,1,0.0
1506,2,0.0
1507,2,0.0
1508,0,0.0
1509,0,0.0
1510,5,0.0
1511,5,0.0
1512,5,0.0
1513,3,0.0
1514,5,0.0
1515,3,0.0
1516,5,0.0
1517,1,0.0
1518,5,0.0
1519,1,0.0
1520,1,0.0
1521,0,0.0
1522,4,0.0
1523,3,0.0
1524,4,0.0
1525,0,0.0
1526,5,0.0
1527,4,0.0
1528,1,0.0
1529,1,0.0
1530,4,0.0
1531,5,0.0
1532,1,0.0
1533,0,0.0
1534,4,0.0
1535,0,0.0
1536,0,0.0
1537,4,0.0
1538,4,0.0
1539,0,0.0
1540,2,0.0
1541,5,0.0
1542,3,0.0
1543,4,0.0
1544,0,0.0
1545,4,0.0
1546,3,0.0
1547,4,0.0
1548,5,0.0
1549,4,0.0
1550,4,0.0
1551,0,0.0
1552,5,0.0
1553,2,0.0
1554,5,0.0
1555,2,0.0
1556,2,0.0
1557,1,0.0
1558,1,0.0
1559,3,0.0
1560,1,0.0
1561,0,0.0
1562,4,0.0
1563,5,0.0
1564,1,0.0
1565,3,0.0
1566,0,0.0
1567,1,0.0
1568,4,0.0
1569,1,0.0
1570,1,0.0
1571,2,0.0
1572,4,0.0
1573,3,0.0
1574,4,0.0
1575,5,0.0
1576,2,0.0
1577,2,0.0
1578,4,0.0
1579,0,0.0
1580,1,0.0
1581,2,0.0
1582,1,0.5
1583,2,0.0
1584,5,0.0
1585,4,0.0
1586,0,0.0
1587,0,0.0
1588,4,0.0
1589,3,0.0
1590,5,1.0
1591,3,0.0
1592,2,0.0
1593,5,0.0
1594,3,0.0
1595,3,0.0
1596,5,0.0
1597,0,0.0
1598,0,1.5
1599,3,0.0
1600,1,0.0
1601,0,0.0
1602,0,0.0
1603,1,0.0
1604,5,0.5
1605,3,0.0
1606,5,0.0
1607,1,0.0
1608,1,0.0
1609,2,0.0
1610,1,0.0
1611,1,0.0
1612,3,0.0
1613,1,0.0
1614,2,0.0
1615,2,0.0
1616,5,0.0
1617,1,0.0
1618,4,0.0
1619,4,0.0
1620,0,0.0
1621,5,0.0
1622,5,0.0
1623,1,0.0
1624,5,0.0
1625,5,0.0
1626,0,0.0
1627,0,0.0
1628,4,0.0
1629,3,0.0
1630,3,0.0
1631,2,0.0
1632,4,0.0
1633,2,0.0
1634,2,0.0
1635,3,0.0
1636,2,0.0
1637,5,0.0
1638,2,0.0
1639,5,0.0
1640,3,0.0
1641,1,0.0
1642,5,0.0
1643,5,0.0
1644,5,0.0
1645,5,0.0
1646,3,0.0
1647,3,0.0
1648,5,0.0
1649,2,0.0
1650,4,0.0
1651,5,0.0
1652,5,0.0
1653,3,0.0
1654,2,0.0
1655,5,0.0
1656,2,0.0
1657,3,0.0
1658,0,0.0
1659,5,0.0
1660,1,0.0
1661,0,0.0
1662,1,0.0
1663,0,0.0
1664,5,0.0
1665,1,0.0
1666,2,0.0
1667,1,0.0
1668,0,0.0
1669,4,0.0
1670,2,0.0
1671,5,0.0
1672,3,0.0
1673,3,0.0
1674,4,0.0
1675,0,0.0
1676,3,0.0
1677,2,0.0
1678,1,0.0
1679,3,0.0
1680,4,0.0
1681,3,0.0
1682,0,0.0
1683,4,0.0
1684,4,0.0
1685,4,0.0
1686,0,0.0
1687,0,0.0
1688,3,0.0
1689,2,0.0
1690,3,0.0
1691,4,0.0
1692,4,0.0
1693,2,0.0
1694,0,0.0
1695,5,0.0
1696,2,0.0
1697,1,0.0
1698,3,0.0
1699,4,0.0
1700,4,0.0
1701,1,0.0
1702,0,0.0
1703,0,0.0
1704,4,0.0
1705,3,0.0
1706,5,0.0
1707,3,0.0
1708,2,0.0
1709,2,0.0
1710,0,0.0
1711,0,0.0
1712,4,3.0
1713,2,0.0
1714,2,0.0
1715,1,0.0
1716,0,0.0
1717,4,0.0
1718,0,0.0
1719,5,0.0
1720,1,0.0
1721,5,0.0
1722,3,0.0
1723,3,0.0
1724,2,0.0
1725,4,0.0
1726,5,0.0
1727,3,0.0
1728,3,0.0
1729,4,0.0
1730,1,0.0
1731,4,0.0
1732,3,0.0
1733,5,0.0
1734,4,0.0
1735,1,0.0
1736,4,0.0
1737,4,0.0
1738,4,0.0
1739,4,0.0
1740,0,0.0
1741,0,0.0
1742,3,0.0
1743,2,0.0
1744,1,0.0
1745,3,0.0
1746,5,0.0
1747,1,0.0
1748,2,0.0
1749,1,0.0
1750,4,0.0
1751,5,0.0
1752,4,0.0
1753,5,0.0
1754,3,0.0
1755,0,0.0
1756,0,0.0
1757,2,0.0
1758,1,0.0
1759,0,0.0
1760,3,0.0
1761,1,0.0
1762,2,0.0
1763,0,0.0
1764,0,0.0
1765,3,0.0
1766,1,0.0
1767,4,0.0
1768,0,0.0
1769,5,0.0
1770,5,0.0
1771,5,0.0
1772,3,0.0
1773,5,0.0
1774,5,0.0
1775,4,0.0
1776,5,0.0
1777,0,0.0
1778,5,0.0
1779,5,0.0
1780,2,0.0
1781,3,0.0
1782,0,0.0
1783,5,0.0
1784,4,0.0
1785,3,0.0
1786,2,0.0
1787,5,0.0
1788,5,0.0
1789,4,0.0
1790,5,0.0
1791,1,0.0
1792,1,0.0
1793,4,0.0
1794,2,0.0
1795,1,0.0
1796,4,0.0
1797,4,0.0
1798,3,0.0
1799,4,0.0
1800,2,0.0
1801,2,0.0
1802,1,0.0
1803,3,0.0
1804,5,0.0
1805,2,0.0
1806,4,0.0
1807,1,0.0
1808,3,0.0
1809,5,0.0
1810,5,1.5
1811,1,0.0
1812,0,0.0
1813,4,0.0
1814,4,0.0
1815,3,0.0
1816,2,0.0
1817,0,0.0
1818,5,0.0
1819,1,0.0
1820,2,0.0
1821,5,0.0
1822,2,0.0
1823,3,0.0
1824,3,0.0
1825,3,0.0
1826,5,0.0
1827,2,0.0
1828,3,0.0
1829,4,0.0
1830,5,0.0
1831,4,0.0
1832,4,0.0
1833,1,0.0
1834,4,0.0
1835,0,0.0
1836,4,0.0
1837,5,0.0
1838,1,0.0
1839,3,0.0
1840,5,2.0
1841,4,0.0
1842,0,0.0
1843,5,0.0
1844,0,0.0
1845,2,0.0
1846,1,0.0
1847,2,0.0
1848,2,0.0
1849,4,0.0
1850,5,0.0
1851,2,0.0
1852,1,2.5
1853,1,0.0
1854,3,0.0
1855,1,0.0
1856,0,0.0
1857,2,0.0
1858,0,0.0
1859,5,0.0
1860,0,0.0
1861,1,0.0
1862,4,0.0
1863,2,0.0
1864,4,0.0
1865,3,0.0
1866,5,0.0
1867,1,0.0
1868,2,0.0
1869,1,0.0
1870,1,0.0
1871,1,0.0
1872,3,0.0
1873,2,0.0
1874,4,0.0
1875,3,0.0
1876,4,0.0
1877,3,0.0
1878,0,0.0
1879,2,0.0
1880,4,0.0
1881,2,0.0
1882,5,0.0
1883,0,0.0
1884,3,0.0
1885,2,0.0
1886,4,0.0
1887,0,0.0
1888,5,0.0
1889,1,0.0
1890,5,0.0
1891,4,0.0
1892,1,0.0
1893,0,0.0
1894,4,0.0
1895,1,0.0
1896,2,0.0
1897,2,0.0
1898,0,0.0
1899,4,0.0
1900,2,0.0
1901,5,0.0
1902,4,0.0
1903,5,0.0
1904,5,0.0
1905,0,0.0
1906,4,0.0
1907,0,0.0
1908,4,0.0
1909,4,0.0
1910,1,0.0
1911,2,0.0
1912,0,0.0
1913,2,0.0
1914,3,0.5
1915,1,0.0
1916,0,0.0
1917,4,0.0
1918,4,0.0
1919,2,0.0
1920,4,0.0
1921,4,0.0
1922,2,0.0
1923,1,0.0
1924,2,0.0
1925,5,0.0
1926,3,0.0
1927,2,0.0
1928,4,0.0
1929,5,0.0
1930,4,0.0
1931,2,0.0
1932,1,0.0
1933,0,0.0
1934,0,0.0
1935,1,0.0
1936,3,0.0
1937,4,0.0
1938,3,0.0
1939,0,0.0
1940,3,0.0
1941,2,0.0
1942,0,0.0
1943,1,0.0
1944,5,0.0
1945,2,0.0
1946,1,0.0
1947,4,0.0
1948,4,0.0
1949,3,0.0
1950,1,0.0
1951,4,0.0
1952,0,0.0
1953,4,0.0
1954,1,0.0
1955,4,0.0
1956,2,0.0
1957,2,0.0
1958,5,0.0
1959,5,0.0
1960,2,0.0
1961,3,0.0
1962,2,0.0
1963,1,0.0
1964,0,0.0
1965,3,0.0
1966,5,0.0
1967,3,0.0
1968,4,0.0
1969,3,0.0
1970,5,0.0
1971,0,0.0
1972,3,0.5
1973,4,0.0
1974,1,0.0
1975,3,0.0
1976,0,0.0
1977,1,0.0
1978,1,0.0
1979,0,0.0
1980,5,0.0
1981,4,1.0
1982,2,0.0
1983,4,0.0
1984,1,0.0
1985,1,0.0
1986,4,0.0
1987,5,0.0
1988,3,0.0
1989,4,0.0
1990,0,0.0
1991,5,0.0
1992,2,0.0
1993,4,1.5
1994,3,0.0
1995,1,0.0
1996,1,0.0
1997,4,0.0
1998,5,0.0
1999,5,0.0
2000,5,0.0
2001,1,0.0
2002,3,0.0
2003,4,0.0
2004,5,0.0
2005,5,0.0
2006,3,0.0
2007,5,2.0
2008,0,0.0
2009,2,0.0
2010,0,0.0
2011,5,0.0
2012,4,0.0
2013,2,0.0
2014,3,0.0
2015,2,0.0
2016,4,0.0
2017,3,0.0
2018,5,0.0
2019,5,0.0
2020,3,0.0
2021,1,0.0
2022,3,0.0
2023,3,0.0
2024,3,0.0
2025,2,0.0
2026,5,0.0
2027,3,0.0
2028,1,0.0
2029,5,0.0
2030,3,0.0
2031,3,0.0
2032,0,0.0
2033,0,0.0
2034,3,0.0
2035,2,0.0
2036,4,0.0
2037,0,0.0
2038,4,0.0
2039,3,0.0
2040,0,0.0
2041,2,0.0
2042,3,0.0
2043,5,0.0
2044,0,0.0
2045,0,0.0
2046,2,0.0
2047,4,0.0
2048,4,0.0
2049,3,0.0
2050,4,0.0
2051,5,0.0
2052,5,0.0
2053,5,0.5
2054,2,0.0
2055,1,0.0
2056,5,0.0
2057,4,0.0
2058,0,0.0
2059,3,0.0
2060,2,0.0
2061,4,0.0
2062,2,0.0
2063,1,1.0
2064,5,0.0
2065,1,0.0
2066,3,0.0
2067,1,0.0
2068,0,0.0
2069,1,0.0
2070,2,0.0
2071,0,0.0
2072,2,0.0
2073,0,0.0
2074,0,0.0
2075,4,0.0
2076,4,0.0
2077,5,0.0
2078,1,0.0
2079,3,1.5
2080,2,0.0
2081,1,0.0
2082,3,0.0
2083,2,0.0
2084,4,0.0
2085,1,0.0
2086,5,0.0
2087,4,0.0
2088,0,0.0
2089,3,0.0
2090,4,0.0
2091,1,0.0
2092,5,0.0
2093,3,0.0
2094,5,0.0
2095,1,0.0
2096,3,0.0
2097,0,0.0
2098,1,0.0
2099,1,0.0
2100,2,0.0
2101,3,0.0
2102,4,0.0
2103,3,3.0
2104,0,0.0
2105,3,0.0
2106,0,0.0
2107,0,0.0
2108,1,0.0
2109,1,0.0
2110,2,0.0
2111,2,0.0
2112,5,0.0
2113,3,0.0
2114,3,0.0
2115,3,0.0
2116,2,0.0
2117,0,0.0
2118,5,0.0
2119,3,0.0
2120,2,0.0
2121,2,0.0
2122,4,0.0
2123,3,0.0
2124,1,0.0
2125,2,0.0
2126,1,0.0
2127,4,0.0
2128,3,0.0
2129,1,0.0
2130,0,0.0
2131,0,0.0
2132,0,0.0
2133,0,0.0
2134,1,0.0
2135,1,0.0
2136,1,0.0
2137,3,0.0
2138,5,0.0
2139,0,0.0
2140,5,0.0
2141,2,0.0
2142,5,0.0
2143,2,0.0
2144,0,0.0
2145,5,0.0
2146,4,0.0
2147,4,0.0
2148,0,0.0
2149,5,0.0
2150,4,0.0
2151,4,0.0
2152,5,0.0
2153,4,0.0
2154,2,0.0
2155,2,0.0
2156,5,0.0
2157,1,0.0
2158,5,0.0
2159,4,0.0
2160,5,0.0
2161,5,0.0
2162,5,0.0
2163,5,0.0
2164,2,0.0
2165,2,0.0
2166,0,0.0
2167,5,0.0
2168,3,0.0
2169,2,0.0
2170,3,0.0
2171,5,0.0
2172,3,0.0
2173,1,0.0
2174,1,0.0
2175,3,0.0
2176,4,0.0
2177,4,0.0
2178,0,0.0
2179,2,0.0
2180,2,0.0
2181,1,0.0
2182,4,0.0
2183,2,0.0
2184,5,0.0
2185,4,0.0
2186,0,0.0
2187,5,0.0
2188,0,0.0
2189,5,0.0
2190,3,0.0
2191,1,0.0
2192,1,0.0
2193,5,0.0
2194,5,0.0
2195,5,2.0
2196,3,0.0
2197,3,0.0
2198,5,0.0
2199,2,0.0
2200,2,0.0
2201,3,0.0
2202,2,0.0
2203,5,0.0
2204,1,0.0
2205,2,0.0
2206,3,0.0
2207,0,0.0
2208,5,0.0
2209,5,0.0
2210,3,0.0
2211,1,0.0
2212,3,0.0
2213,1,0.0
2214,4,0.0
2215,4,0.0
2216,5,0.0
2217,4,0.0
2218,5,0.0
2219,5,0.0
2220,0,0.0
2221,5,0.0
2222,5,0.0
2223,4,0.0
2224,1,0.0
2225,0,0.0
2226,5,0.0
2227,2,0.0
2228,3,0.0
2229,3,0.0
2230,2,0.0
2231,4,0.0
2232,0,0.0
2233,1,0.0
2234,5,0.0
2235,2,0.0
2236,1,0.0
2237,0,0.0
2238,0,0.0
2239,3,0.0
2240,4,0.0
2241,3,0.0
2242,3,0.0
2243,4,0.0
2244,0,0.0
2245,4,0.0
2246,3,0.0
2247,3,0.0
2248,2,0.0
2249,3,0.0
2250,1,0.0
2251,2,0.0
2252,1,0.0
2253,0,0.0
2254,1,2.5
2255,2,0.0
2256,4,0.0
2257,4,0.0
2258,2,0.0
2259,5,0.0
2260,0,0.0
2261,0,0.0
2262,0,0.0
2263,5,0.0
2264,3,0.0
2265,0,0.0
2266,1,0.0
2267,4,0.0
2268,3,0.0
2269,5,0.0
2270,2,0.0
2271,1,0.0
2272,0,0.0
2273,3,0.0
2274,2,0.0
2275,0,0.0
2276,3,0.0
2277,2,0.0
2278,2,0.0
2279,0,0.0
2280,1,0.0
2281,2,0.0
2282,3,0.0
2283,5,0.0
2284,5,0.0
2285,2,0.0
2286,4,0.0
2287,2,0.0
2288,3,0.0
2289,3,0.0
2290,2,0.0
2291,1,0.0
2292,5,0.0
2293,3,0.0
2294,2,0.0
2295,5,0.0
2296,1,0.0
2297,0,0.0
2298,2,0.0
2299,4,0.0
2300,2,0.0
2301,3,0.0
2302,3,0.0
2303,3,0.0
2304,0,0.0
2305,4,0.0
2306,5,0.0
2307,2,0.0
2308,5,0.0
2309,3,0.0
2310,2,0.0
2311,2,0.0
2312,5,0.0
2313,2,0.0
2314,4,0.0
2315,0,0.0
2316,0,0.0
2317,1,0.0
2318,5,0.0
2319,5,0.0
2320,3,0.0
2321,5,0.0
2322,4,0.0
2323,4,0.0
2324,1,0.0
2325,2,0.0
2326,3,0.0
2327,0,0.0
2328,0,0.0
2329,0,0.0
2330,5,0.0
2331,0,0.0
2332,3,0.0
2333,5,0.0
2334,4,0.0
2335,0,0.0
2336,1,0.0
2337,3,0.0
2338,3,0.0
2339,3,0.0
2340,1,0.0
2341,5,0.0
2342,2,0.0
2343,3,0.0
2344,0,0.0
2345,5,0.0
2346,0,0.0
2347,5,0.0
2348,3,0.0
2349,1,0.0
2350,4,0.0
2351,4,0.0
2352,4,0.0
2353,1,0.0
2354,4,0.0
2355,3,0.0
2356,3,0.0
2357,3,0.0
2358,3,0.0
2359,5,0.0
2360,1,0.0
2361,3,0.0
2362,2,0.0
2363,4,0.0
2364,5,0.0
2365,0,0.0
2366,2,0.0
2367,5,0.0
2368,2,0.0
2369,0,0.0
2370,0,0.0
2371,2,0.0
2372,5,0.0
2373,5,0.0
2374,3,0.0
2375,3,0.0
2376,4,0.0
2377,4,0.0
2378,5,0.0
2379,5,0.0
2380,5,0.0
2381,1,0.0
2382,2,0.0
2383,1,0.0
2384,1,0.0
2385,5,0.0
2386,3,0.0
2387,0,0.0
2388,3,0.0
2389,4,0.0
2390,3,0.0
2391,2,0.0
2392,2,0.0
2393,5,0.0
2394,0,0.0
2395,3,0.0
2396,3,0.0
2397,3,0.0
2398,1,0.0
2399,2,0.0
2400,0,0.0
2401,5,0.0
2402,1,0.0
2403,5,0.0
2404,2,0.0
2405,1,0.0
2406,4,0.0
2407,5,0.0
2408,0,0.0
2409,5,0.0
2410,3,0.0
2411,1,0.0
2412,2,2.0
2413,1,0.0
2414,3,0.0
2415,1,0.0
2416,2,0.0
2417,5,0.0
2418,2,0.0
2419,5,0.0
2420,0,1.0
2421,2,0.0
2422,2,0.0
2423,1,0.0
2424,2,0.0
2425,2,0.0
2426,1,0.0
2427,1,0.0
2428,5,0.0
2429,2,0.0
2430,2,0.0
2431,0,0.0
2432,0,0.0
2433,0,0.0
2434,3,0.0
2435,3,0.0
2436,2,0.0
2437,1,0.0
2438,4,0.0
2439,5,0.0
2440,0,2.5
2441,1,0.0
2442,1,0.0
2443,2,0.0
2444,4,0.0
2445,1,0.0
2446,2,0.0
2447,0,0.0
2448,4,0.0
2449,4,0.0
2450,0,0.0
2451,5,0.0
2452,3,0.0
2453,0,0.0
2454,2,0.0
2455,3,0.0
2456,4,0.0
2457,0,3.0
2458,5,0.0
2459,1,0.0
2460,5,0.0
2461,5,0.0
2462,4,0.0
2463,5,0.0
2464,1,0.0
2465,5,0.0
2466,2,0.0
2467,4,0.0
2468,2,0.0
2469,3,0.0
2470,3,0.0
2471,2,0.0
2472,4,0.0
2473,1,0.0
2474,2,0.0
2475,4,0.0
2476,4,0.0
2477,2,0.0
2478,2,0.0
2479,4,0.0
2480,0,0.0
2481,2,0.0
2482,3,0.0
2483,1,0.0
2484,1,0.0
2485,3,0.0
2486,0,0.0
2487,3,0.0
2488,5,0.0
2489,1,0.0
2490,0,0.0
2491,3,0.0
2492,1,0.0
2493,1,0.0
2494,0,0.0
2495,3,0.0
2496,2,0.0
2497,4,0.0
2498,0,0.0
2499,0,0.0
2500,5,0.0
2501,5,0.0
2502,2,0.0
2503,4,0.0
2504,3,0.0
2505,1,0.0
2506,4,0.0
2507,2,0.0
2508,2,0.0
2509,4,0.0
2510,2,0.0
2511,5,0.0
2512,4,0.0
2513,0,0.0
2514,2,0.0
2515,1,0.0
2516,1,0.0
2517,0,0.5
2518,4,0.0
2519,5,0.0
2520,3,0.0
2521,3,0.0
2522,2,0.0
2523,2,0.0
2524,0,0.0
2525,2,0.0
2526,1,0.0
2527,3,0.0
2528,2,0.0
2529,4,0.0
2530,2,0.0
2531,2,0.0
2532,0,0.0
2533,1,0.0
2534,1,0.0
2535,3,0.0
2536,2,0.0
2537,3,0.0
2538,2,0.0
2539,0,0.0
2540,4,0.0
2541,5,0.0
2542,3,0.0
2543,5,0.0
2544,4,0.0
2545,5,0.0
2546,3,0.0
2547,5,0.0
2548,3,0.0
2549,3,0.0
2550,1,0.0
2551,2,0.0
2552,0,0.0
2553,2,0.0
2554,3,0.0
2555,4,0.0
2556,4,0.0
2557,4,0.0
2558,4,0.0
2559,0,0.0
2560,3,0.0
2561,2,0.0
2562,5,0.0
2563,3,0.0
2564,1,0.0
2565,0,0.0
2566,2,0.0
2567,5,0.0
2568,1,0.0
2569,2,0.0
2570,0,0.0
2571,0,0.0
2572,3,0.0
2573,2,0.0
2574,4,0.0
2575,5,0.0
2576,5,0.0
2577,1,0.0
2578,0,0.0
2579,1,0.0
2580,5,0.0
2581,5,0.0
2582,5,0.0
2583,4,0.0
2584,5,0.0
2585,3,0.0
2586,4,0.0
2587,3,0.0
2588,3,0.0
2589,5,0.0
2590,3,0.0
2591,2,0.0
2592,5,0.0
2593,5,0.0
2594,2,0.0
2595,2,0.0
2596,5,0.0
2597,4,0.0
2598,0,3.0
2599,5,0.0
2600,3,0.0
2601,4,0.0
2602,0,0.0
2603,5,0.0
2604,5,0.0
2605,2,0.5
2606,2,0.0
2607,5,0.0
2608,5,0.0
2609,2,0.0
2610,0,0.0
2611,5,0.0
2612,3,0.0
2613,0,0.0
2614,5,0.0
2615,1,1.0
2616,4,0.0
2617,5,0.0
2618,2,0.0
2619,1,0.0
2620,5,0.0
2621,1,0.0
2622,0,0.0
2623,2,0.0
2624,1,0.0
2625,3,0.0
2626,3,1.5
2627,5,0.0
2628,4,0.0
2629,5,0.0
2630,4,0.0
2631,0,0.0
2632,0,0.0
2633,5,0.0
2634,1,0.0
2635,3,0.0
2636,0,0.0
2637,5,0.0
2638,0,0.0
2639,3,2.0
2640,0,0.0
2641,5,0.0
2642,3,0.0
2643,3,0.0
2644,3,0.0
2645,1,0.0
2646,2,0.0
2647,2,0.0
2648,3,0.0
2649,3,0.0
2650,3,0.0
2651,4,0.0
2652,1,0.0
2653,5,0.0
2654,1,0.0
2655,3,0.0
2656,1,0.0
2657,1,0.0
2658,2,0.0
2659,1,0.0
2660,4,0.0
2661,3,0.0
2662,4,0.0
2663,1,0.0
2664,3,0.0
2665,2,0.0
2666,4,0.0
2667,3,0.0
2668,0,0.0
2669,4,0.0
2670,2,0.0
2671,0,0.0
2672,4,0.0
2673,0,0.0
2674,0,0.0
2675,5,0.0
2676,3,0.0
2677,5,0.0
2678,4,0.0
2679,5,0.0
2680,3,0.0
2681,2,0.0
2682,0,0.0
2683,3,0.0
2684,0,0.0
2685,5,0.0
2686,3,0.0
2687,5,0.0
2688,0,0.0
2689,3,0.0
2690,0,0.0
2691,1,0.0
2692,4,0.0
2693,2,0.0
2694,3,0.0
2695,3,0.0
2696,5,0.0
2697,1,0.0
2698,1,0.0
2699,1,0.0
2700,2,0.0
2701,4,0.0
2702,5,0.0
2703,3,0.0
2704,2,0.0
2705,1,0.0
2706,1,0.0
2707,3,0.0
2708,5,0.0
2709,1,0.0
2710,2,0.0
2711,4,0.0
2712,0,0.0
2713,0,0.0
2714,5,0.0
2715,3,0.0
2716,0,0.0
2717,4,0.0
2718,2,0.0
2719,3,0.0
2720,3,0.0
2721,2,0.0
2722,5,0.0
2723,2,0.0
2724,3,0.0
2725,4,0.0
2726,1,0.0
2727,3,0.0
2728,2,0.0
2729,1,0.0
2730,3,0.0
2731,0,0.0
2732,4,0.0
2733,3,0.0
2734,1,0.0
2735,0,0.0
2736,1,0.0
2737,0,0.0
2738,4,0.0
2739,1,0.0
2740,0,0.0
2741,3,0.0
2742,2,0.0
2743,4,0.0
2744,0,0.0
2745,2,0.0
2746,0,0.0
2747,4,0.0
2748,1,0.0
2749,0,0.0
2750,0,0.0
2751,1,0.0
2752,1,0.0
2753,5,0.0
2754,4,0.0
2755,2,0.0
2756,2,0.0
2757,3,0.0
2758,1,0.0
2759,1,0.0
2760,2,0.0
2761,5,0.0
2762,4,0.0
2763,3,0.0
2764,4,0.0
2765,0,0.0
2766,5,0.0
2767,1,0.0
2768,3,0.0
2769,0,0.0
2770,1,0.0
2771,1,0.0
2772,5,0.0
2773,5,0.0
2774,1,0.0
2775,4,0.0
2776,3,0.0
2777,4,0.0
2778,0,0.0
2779,2,0.0
2780,1,0.0
2781,3,0.0
2782,1,0.0
2783,3,0.0
2784,1,0.0
2785,1,0.0
2786,4,0.0
2787,3,0.0
2788,5,0.0
2789,1,0.0
2790,5,0.0
2791,0,0.0
2792,2,0.0
2793,4,0.0
2794,2,0.0
2795,2,0.0
2796,3,0.0
2797,4,0.0
2798,3,0.0
2799,5,0.0
2800,2,0.0
2801,4,0.0
2802,0,0.0
2803,2,0.0
2804,3,0.0
2805,1,0.0
2806,3,0.0
2807,0,0.0
2808,1,0.0
2809,3,0.0
2810,0,0.0
2811,4,0.0
2812,5,0.0
2813,4,0.0
2814,3,0.0
2815,3,0.0
2816,0,0.0
2817,0,0.0
2818,5,0.0
2819,0,0.0
2820,0,0.0
2821,3,0.0
2822,4,0.0
2823,0,0.0
2824,3,0.0
2825,3,0.0
2826,5,0.0
2827,0,0.0
2828,0,0.0
2829,5,0.0
2830,5,0.0
2831,0,0.0
2832,3,0.0
2833,1,0.0
2834,1,0.0
2835,5,0.0
2836,2,0.0
2837,2,0.0
2838,3,0.0
2839,2,0.0
2840,0,0.0
2841,1,0.0
2842,4,0.0
2843,1,0.0
2844,3,0.0
2845,5,0.0
2846,4,0.0
2847,2,0.0
2848,1,0.0
2849,5,0.0
2850,5,0.0
2851,0,0.0
2852,0,0.0
2853,0,0.0
2854,4,0.0
2855,4,0.0
2856,3,0.0
2857,0,0.0
2858,5,0.0
2859,5,0.0
2860,3,0.0
2861,1,0.0
2862,1,0.0
2863,0,0.0
2864,3,0.0
2865,1,0.0
2866,3,0.0
2867,2,0.0
2868,0,0.0
2869,5,0.0
2870,5,0.0
2871,2,2.5
2872,4,0.0
2873,3,0.0
2874,1,0.0
2875,5,0.0
2876,4,0.0
2877,1,0.0
2878,0,0.0
2879,2,0.0
2880,3,0.0
2881,4,0.0
2882,3,0.0
2883,3,0.0
2884,5,0.0
2885,1,0.0
2886,2,0.0
2887,3,0.0
2888,2,0.0
2889,1,0.0
2890,0,0.0
2891,4,0.0
2892,5,0.0
2893,1,0.0
2894,3,0.0
2895,2,0.0
2896,0,0.0
2897,5,0.0
2898,3,0.0
2899,3,0.0
2900,3,0.0
2901,3,0.0
2902,1,0.0
2903,5,0.0
2904,3,0.0
2905,4,0.0
2906,2,0.0
2907,3,0.0
2908,4,0.0
2909,2,0.0
2910,0,0.0
2911,1,0.0
2912,0,0.0
2913,0,0.0
2914,4,0.0
2915,3,0.0
2916,2,0.0
2917,1,0.0
2918,4,0.0
2919,0,0.0
2920,3,0.0
2921,4,0.0
2922,0,0.0
2923,0,0.0
2924,2,0.0
2925,1,0.0
2926,1,0.0
2927,4,0.0
2928,2,0.0
2929,2,0.0
2930,3,0.0
2931,2,0.0
2932,0,0.0
2933,2,0.0
2934,2,0.0
2935,4,0.0
2936,0,0.0
2937,2,0.0
2938,2,0.0
2939,5,0.0
2940,2,0.0
2941,0,0.0
2942,0,0.0
2943,5,0.0
2944,5,0.0
2945,3,0.0
2946,3,0.0
2947,5,0.0
2948,3,0.0
2949,1,0.0
2950,5,0.0
2951,4,0.0
2952,1,0.0
2953,0,0.0
2954,1,0.0
2955,0,0.0
2956,5,0.0
2957,5,0.0
2958,2,0.0
2959,5,0.0
2960,2,0.0
2961,5,0.0
2962,5,0.0
2963,2,0.0
2964,5,0.0
2965,4,0.0
2966,3,0.0
2967,4,0.0
2968,5,0.0
2969,4,0.0
2970,5,0.0
2971,3,0.0
2972,3,0.0
2973,1,0.0
2974,3,0.0
2975,5,0.0
2976,3,0.0
2977,3,0.0
2978,2,0.0
2979,4,0.0
2980,4,0.0
2981,4,0.0
2982,3,0.0
2983,0,0.0
2984,2,0.0
2985,5,0.0
2986,4,0.0
2987,4,0.0
2988,2,0.0
2989,1,0.0
2990,0,0.0
2991,4,0.0
2992,2,0.0
2993,2,0.0
2994,5,0.0
2995,3,0.0
2996,1,0.0
2997,5,0.0
2998,2,0.0
2999,4,0.0
3000,5,0.0
3001,2,0.0
3002,2,0.0
3003,2,0.0
3004,5,0.0
3005,2,0.0
3006,2,0.0
3007,0,0.0
3008,4,0.0
3009,5,0.0
3010,4,0.0
3011,0,0.0
3012,3,0.0
3013,3,0.0
3014,3,0.0
3015,2,0.0
3016,0,0.0
3017,3,0.0
3018,5,0.0
3019,2,0.0
3020,3,0.0
3021,2,0.0
3022,3,0.0
3023,1,0.0
3024,5,0.0
3025,0,0.0
3026,4,0.0
3027,0,0.0
3028,1,0.0
3029,1,0.0
3030,3,0.0
3031,5,0.0
3032,4,0.0
3033,2,0.0
3034,3,0.0
3035,1,0.0
3036,0,0.0
3037,4,0.0
3038,0,0.0
3039,4,0.0
3040,1,0.0
3041,1,0.0
3042,2,0.0
3043,3,0.0
3044,0,0.0
3045,1,0.0
3046,2,0.0
3047,3,0.0
3048,0,0.0
3049,4,0.0
3050,5,0.0
3051,4,0.0
3052,1,0.0
3053,3,0.0
3054,1,0.0
3055,2,0.0
3056,5,0.0
3057,4,0.0
3058,5,0.0
3059,3,0.0
3060,2,0.0
3061,3,0.0
3062,3,0.0
3063,0,0.0
3064,0,0.0
3065,4,0.0
3066,5,0.0
3067,1,0.0
3068,2,0.0
3069,3,0.0
3070,1,0.0
3071,4,0.0
3072,0,0.0
3073,0,0.0
3074,4,0.0
3075,2,0.0
3076,4,0.0
3077,1,0.0
3078,3,0.0
3079,3,0.0
3080,1,0.0
3081,3,0.0
3082,4,0.5
3083,3,0.0
3084,2,0.0
3085,4,0.0
3086,3,0.0
3087,3,0.0
3088,1,0.0
3089,2,0.0
3090,5,0.0
3091,3,0.0
3092,1,0.0
3093,3,1.0
3094,2,0.0
3095,2,0.0
3096,4,0.0
3097,5,0.0
3098,4,0.0
3099,3,0.0
3100,2,0.0
3101,4,0.0
3102,3,0.0
3103,4,0.0
3104,3,0.0
3105,5,0.0
3106,3,0.0
3107,5,0.0
3108,2,0.0
3109,4,0.0
3110,5,0.0
3111,4,0.0
3112,2,0.0
3113,2,0.0
3114,3,0.0
3115,0,0.0
3116,5,0.0
3117,1,0.0
3118,4,0.0
3119,3,0.0
3120,4,0.0
3121,5,0.0
3122,4,0.0
3123,0,0.0
3124,0,0.0
3125,5,0.0
3126,3,0.0
3127,2,0.0
3128,2,0.0
3129,2,0.0
3130,0,0.0
3131,1,0.0
3132,5,0.0
3133,5,0.0
3134,5,0.0
3135,1,0.0
3136,5,0.0
3137,3,0.0
3138,2,0.0
3139,2,0.0
3140,3,0.0
3141,3,0.0
3142,1,0.0
3143,3,0.0
3144,1,0.0
3145,1,0.0
3146,5,0.0
3147,5,0.0
3148,5,0.0
3149,1,0.0
3150,0,0.0
3151,2,0.0
3152,5,0.0
3153,0,0.0
3154,1,0.0
3155,0,0.0
3156,4,0.0
3157,4,0.0
3158,3,0.0
3159,0,0.0
3160,3,0.0
3161,3,0.0
3162,1,0.0
3163,0,0.0
3164,0,0.0
3165,5,0.0
3166,3,0.0
3167,1,0.0
3168,1,0.0
3169,3,0.0
3170,4,0.0
3171,3,0.0
3172,4,0.0
3173,0,0.0
3174,4,0.0
3175,0,0.0
3176,4,0.0
3177,3,0.0
3178,0,0.0
3179,0,0.0
3180,5,0.0
3181,0,0.0
3182,3,0.0
3183,3,0.0
3184,1,0.0
3185,2,0.0
3186,3,0.0
3187,0,0.0
3188,1,0.0
3189,3,0.0
3190,5,0.0
3191,4,0.0
3192,3,0.0
3193,2,0.0
3194,2,0.0
3195,1,0.0
3196,2,0.0
3197,5,0.0
3198,4,0.0
3199,1,0.0
3200,2,0.0
3201,4,0.0
3202,4,0.0
3203,2,0.0
3204,2,0.0
3205,2,0.0
3206,4,0.0
3207,0,0.0
3208,1,0.0
3209,1,0.0
3210,2,0.0
3211,5,0.0
3212,0,0.0
3213,0,0.0
3214,4,0.0
3215,5,0.0
3216,0,0.0
3217,3,0.0
3218,1,0.0
3219,0,0.0
3220,4,0.0
3221,3,0.0
3222,4,0.0
3223,1,0.0
3224,5,0.0
3225,2,0.0
3226,5,0.0
3227,3,0.0
3228,1,0.0
3229,3,0.0
3230,3,0.0
3231,0,0.0
3232,5,0.0
3233,2,0.0
3234,5,0.0
3235,3,0.0
3236,4,0.0
3237,3,0.0
3238,2,0.0
3239,4,0.0
3240,0,0.0
3241,1,0.0
3242,2,0.0
3243,2,0.0
3244,3,0.0
3245,5,0.0
3246,3,0.0
3247,1,0.0
3248,4,0.0
3249,3,0.0
3250,1,0.0
3251,1,0.0
3252,3,0.0
3253,1,0.0
3254,3,0.0
3255,2,0.0
3256,4,0.0
3257,5,0.0
3258,1,0.0
3259,2,0.0
3260,1,0.0
3261,0,0.0
3262,3,0.0
3263,0,0.0
3264,2,0.0
3265,3,0.0
3266,5,0.0
3267,0,0.0
3268,0,0.0
3269,2,0.0
3270,4,0.0
3271,1,0.0
3272,3,0.0
3273,0,0.0
3274,0,0.0
3275,1,0.0
3276,0,0.0
3277,1,0.0
3278,3,0.0
3279,2,0.0
3280,3,0.0
3281,1,0.0
3282,2,0.0
3283,3,0.0
3284,4,0.0
3285,2,0.0
3286,4,0.0
3287,3,0.0
3288,2,0.0
3289,5,0.0
3290,5,0.0
3291,4,0.0
3292,1,0.0
3293,3,0.0
3294,3,0.0
3295,2,0.0
3296,1,0.0
3297,5,0.0
3298,4,0.0
3299,1,0.0
3300,5,0.0
3301,4,0.0
3302,1,0.0
3303,1,0.0
3304,4,0.0
3305,5,0.0
3306,0,0.0
3307,5,0.0
3308,3,0.0
3309,4,1.0
3310,2,0.0
3311,3,0.0
3312,3,0.0
3313,5,0.0
3314,1,0.0
3315,1,0.0
3316,5,0.0
3317,2,0.0
3318,4,1.5
3319,5,0.0
3320,5,0.0
3321,1,0.0
3322,0,0.0
3323,0,0.0
3324,2,0.5
3325,2,0.0
3326,0,0.0
3327,5,0.0
3328,4,0.0
3329,3,0.0
3330,2,0.0
3331,3,0.0
3332,0,0.0
3333,1,0.0
3334,0,0.0
3335,1,0.0
3336,4,0.0
3337,0,0.0
3338,0,2.0
3339,5,0.0
3340,1,0.0
3341,5,0.0
3342,1,0.0
3343,3,0.0
3344,0,0.0
3345,5,0.0
3346,3,0.0
3347,5,0.0
3348,4,0.0
3349,0,0.0
3350,4,0.0
3351,2,0.0
3352,4,2.5
3353,4,0.0
3354,3,0.0
3355,2,0.0
3356,4,0.0
3357,3,0.0
3358,0,0.0
3359,0,0.0
3360,0,0.0
3361,5,0.0
3362,5,0.0
3363,1,0.0
3364,1,0.0
3365,3,0.0
3366,2,0.0
3367,5,0.0
3368,4,0.0
3369,0,0.0
3370,5,0.0
3371,4,0.0
3372,1,0.0
3373,0,0.0
3374,0,0.0
3375,3,0.0
3376,3,0.0
3377,3,0.0
3378,0,0.0
3379,1,0.0
3380,0,0.0
3381,3,0.0
3382,3,0.0
3383,0,0.0
3384,1,0.0
3385,5,0.0
3386,2,0.0
3387,4,0.0
3388,0,0.0
3389,4,0.0
3390,1,0.0
3391,1,0.0
3392,1,0.0
3393,0,0.0
3394,5,0.0
3395,2,0.0
3396,2,0.0
3397,5,0.0
3398,2,0.0
3399,0,0.0
3400,4,0.0
3401,1,0.0
3402,4,0.0
3403,3,0.0
3404,3,0.0
3405,3,0.0
3406,0,0.0
3407,2,0.0
3408,3,0.0
3409,2,0.0
3410,4,0.0
3411,3,0.0
3412,5,0.0
3413,3,0.0
3414,3,0.0
3415,2,0.0
3416,2,0.0
3417,3,0.0
3418,4,0.0
3419,3,0.0
3420,3,0.0
3421,5,0.0
3422,4,0.0
3423,4,0.0
3424,5,0.0
3425,0,0.0
3426,5,0.0
3427,0,0.0
3428,2,0.0
3429,4,0.0
3430,2,0.0
3431,0,0.0
3432,4,0.0
3433,0,0.0
3434,3,0.0
3435,2,0.0
3436,5,0.0
3437,2,0.0
3438,2,0.0
3439,4,0.0
3440,5,0.0
3441,2,0.0
3442,4,0.0
3443,4,0.0
3444,0,0.0
3445,1,0.0
3446,2,0.0
3447,5,0.0
3448,1,0.0
3449,1,0.0
3450,1,0.0
3451,1,0.0
3452,3,0.0
3453,3,0.0
3454,5,0.0
3455,2,0.0
3456,1,0.0
3457,2,0.0
3458,2,0.0
3459,0,0.0
3460,2,0.0
3461,5,0.0
3462,1,0.0
3463,3,1.5
3464,4,0.0
3465,3,0.0
3466,5,0.0
3467,1,0.0
3468,3,0.0
3469,3,0.0
3470,5,0.0
3471,3,0.0
3472,0,0.0
3473,3,0.0
3474,5,0.0
3475,5,0.0
3476,1,0.0
3477,1,0.0
3478,2,0.0
3479,4,0.0
3480,4,0.0
3481,5,0.0
3482,5,0.0
3483,4,0.0
3484,0,0.0
3485,4,0.0
3486,1,0.0
3487,3,0.0
3488,5,0.0
3489,2,0.0
3490,4,0.0
3491,5,0.0
3492,3,0.0
3493,3,0.0
3494,4,0.0
3495,2,0.0
3496,4,0.0
3497,5,0.0
3498,5,0.0
3499,0,0.0
3500,1,0.0
3501,5,0.0
3502,2,0.0
3503,5,0.0
3504,2,0.0
3505,1,0.0
3506,5,0.0
3507,2,0.0
3508,5,0.0
3509,3,0.0
3510,3,0.0
3511,2,0.0
3512,4,0.0
3513,2,0.0
3514,3,0.0
3515,5,0.0
3516,4,0.0
3517,4,0.0
3518,3,0.0
3519,5,0.0
3520,1,0.0
3521,5,0.0
3522,5,0.0
3523,2,0.0
3524,4,0.0
3525,2,0.0
3526,2,0.0
3527,0,0.0
3528,3,0.0
3529,3,0.0
3530,2,0.0
3531,3,0.0
3532,4,0.0
3533,5,0.0
3534,2,0.0
3535,3,0.0
3536,1,0.0
3537,1,0.0
3538,3,0.0
3539,0,0.0
3540,5,0.0
3541,0,0.0
3542,3,0.0
3543,2,0.0
3544,5,0.0
3545,0,0.0
3546,3,0.0
3547,5,0.0
3548,4,0.0
3549,3,0.0
3550,3,0.0
3551,4,0.0
3552,5,0.0
3553,5,0.0
3554,5,0.0
3555,3,0.0
3556,1,0.0
3557,5,0.0
3558,5,0.0
3559,3,0.0
3560,2,0.0
3561,3,0.0
3562,4,0.0
3563,2,0.0
3564,5,0.0
3565,4,0.0
3566,5,0.0
3567,1,0.0
3568,1,0.0
3569,4,0.0
3570,2,0.0
3571,2,0.0
3572,0,0.0
3573,5,0.0
3574,1,0.0
3575,3,0.0
3576,1,0.0
3577,4,0.0
3578,0,0.0
3579,1,0.0
3580,4,0.0
3581,0,0.0
3582,5,0.0
3583,5,0.0
3584,2,0.0
3585,2,0.0
3586,2,0.0
3587,2,0.0
3588,5,0.0
3589,1,0.0
3590,1,0.0
3591,3,0.0
3592,0,0.0
3593,1,0.0
3594,3,0.0
3595,1,0.0
3596,3,0.0
3597,0,0.0
3598,0,0.0
3599,1,0.0
3600,4,0.0
3601,5,0.0
3602,3,0.0
3603,5,0.0
3604,4,0.0
3605,4,0.0
3606,2,0.0
3607,1,0.0
3608,5,0.0
3609,1,0.0
3610,3,0.0
3611,3,0.0
3612,2,0.0
3613,0,0.0
3614,3,0.0
3615,3,0.0
3616,1,0.0
3617,4,0.0
3618,3,0.0
3619,0,0.0
3620,4,0.0
3621,5,0.0
3622,5,0.5
3623,3,0.0
3624,2,0.0
3625,0,0.0
3626,5,0.0
3627,1,0.0
3628,1,0.0
3629,0,0.0
3630,0,0.0
3631,5,0.0
3632,5,0.0
3633,5,0.0
3634,1,1.0
3635,4,0.0
3636,2,0.0
3637,1,0.0
3638,4,0.0
3639,5,0.0
3640,0,0.0
3641,3,0.0
3642,2,0.0
3643,3,0.0
3644,0,0.0
3645,3,1.5
3646,5,0.0
3647,3,0.0
3648,5,0.0
3649,1,0.0
3650,0,0.0
3651,5,0.0
3652,5,0.0
3653,1,0.0
3654,5,0.0
3655,4,0.0
3656,5,0.0
3657,5,0.0
3658,3,2.0
3659,5,0.0
3660,3,0.0
3661,0,0.0
3662,2,0.0
3663,1,0.0
3664,3,0.0
3665,3,0.0
3666,1,0.0
3667,5,0.0
3668,2,0.0
3669,5,0.0
3670,0,0.0
3671,2,0.0
3672,5,0.0
3673,4,0.0
3674,2,0.0
3675,5,0.0
3676,0,0.0
3677,4,0.0
3678,4,0.0
3679,5,0.0
3680,5,0.0
3681,1,0.0
3682,5,0.0
3683,0,0.0
3684,1,0.0
3685,2,0.0
3686,1,0.0
3687,4,0.0
3688,5,0.0
3689,0,0.0
3690,3,0.0
3691,3,0.0
3692,0,0.0
3693,4,0.0
3694,3,0.0
3695,3,0.0
3696,5,0.0
3697,4,0.0
3698,2,0.0
3699,2,0.0
3700,1,0.0
3701,3,0.0
3702,4,0.0
3703,5,0.0
3704,3,0.0
3705,3,0.0
3706,3,0.0
3707,3,0.0
3708,2,0.0
3709,0,0.0
3710,1,0.0
3711,5,0.0
3712,4,0.0
3713,1,0.0
3714,3,0.0
3715,3,0.0
3716,0,0.0
3717,3,0.0
3718,5,0.0
3719,3,0.0
3720,5,0.0
3721,5,0.0
3722,2,0.0
3723,5,0.0
3724,2,0.0
3725,3,0.0
3726,5,0.0
3727,4,0.0
3728,1,0.0
3729,0,0.0
3730,4,0.0
3731,2,0.0
3732,2,0.0
3733,3,0.0
3734,1,0.0
3735,2,0.0
3736,3,0.0
3737,1,0.0
3738,3,0.0
3739,3,0.0
3740,4,0.0
3741,4,0.0
3742,4,0.0
3743,3,0.0
3744,5,0.0
3745,5,0.0
3746,0,0.0
3747,5,0.0
3748,4,0.0
3749,0,0.0
3750,5,0.0
3751,3,0.0
3752,2,0.0
3753,1,0.0
3754,1,0.0
3755,2,0.0
3756,1,0.0
3757,4,0.0
3758,0,0.0
3759,1,0.0
3760,1,0.0
3761,0,0.0
3762,3,0.0
3763,0,0.0
3764,3,0.0
3765,4,0.0
3766,2,0.0
3767,2,0.0
3768,0,0.0
3769,0,0.0
3770,5,0.0
3771,5,0.0
3772,3,0.0
3773,1,0.0
3774,0,0.0
3775,5,0.0
3776,1,0.0
3777,1,0.0
3778,3,0.0
3779,4,0.0
3780,4,0.0
3781,5,0.0
3782,3,0.0
3783,4,0.0
3784,0,0.0
3785,3,0.0
3786,5,0.0
3787,4,0.0
3788,5,0.0
3789,2,0.0
3790,5,0.0
3791,5,0.0
3792,1,0.0
3793,4,0.0
3794,2,0.0
3795,3,0.0
3796,0,0.0
3797,1,0.0
3798,1,0.0
3799,0,0.0
3800,3,0.0
3801,3,0.0
3802,1,0.0
3803,0,0.0
3804,2,0.0
3805,5,0.0
3806,2,0.0
3807,4,0.0
3808,0,0.0
3809,3,0.0
3810,0,0.0
3811,2,0.0
3812,1,0.0
3813,3,0.0
3814,5,0.0
3815,5,0.0
3816,0,0.0
3817,2,0.0
3818,5,0.0
3819,5,0.0
3820,0,0.0
3821,0,0.0
3822,0,0.0
3823,3,0.0
3824,4,0.0
3825,0,0.0
3826,1,0.0
3827,2,0.0
3828,0,0.0
3829,5,0.0
3830,2,0.0
3831,4,0.0
3832,2,0.0
3833,2,0.0
3834,5,0.0
3835,4,0.0
3836,0,0.0
3837,2,0.0
3838,1,0.0
3839,0,0.0
3840,4,0.0
3841,3,0.0
3842,2,0.0
3843,5,0.0
3844,5,0.0
3845,2,0.0
3846,4,0.0
3847,1,0.0
3848,1,0.0
3849,3,0.0
3850,4,0.0
3851,4,0.0
3852,3,0.0
3853,5,0.0
3854,3,0.0
3855,1,0.0
3856,5,0.0
3857,2,0.0
3858,1,0.0
3859,0,0.0
3860,1,0.0
3861,1,0.0
3862,2,0.0
3863,3,0.0
3864,3,0.0
3865,3,0.0
3866,1,0.0
3867,5,0.0
3868,3,0.0
3869,2,0.0
3870,4,0.0
3871,4,0.0
3872,4,0.0
3873,1,0.0
3874,3,0.0
3875,1,0.0
3876,0,0.0
3877,2,0.0
3878,4,0.0
3879,2,0.0
3880,5,0.0
3881,3,0.0
3882,1,0.0
3883,3,0.0
3884,0,0.0
3885,5,0.0
3886,0,0.0
3887,2,0.0
3888,1,0.0
3889,3,0.0
3890,0,0.0
3891,0,0.0
3892,1,0.0
3893,1,0.0
3894,1,0.0
3895,0,0.0
3896,4,0.0
3897,1,0.0
3898,5,0.0
3899,5,0.0
3900,3,0.0
3901,0,0.0
3902,0,2.5
3903,1,0.0
3904,3,0.0
3905,5,0.0
3906,0,0.0
3907,2,0.0
3908,5,0.0
3909,2,0.0
3910,5,0.0
3911,0,0.0
3912,3,0.0
3913,4,0.0
3914,4,0.0
3915,1,0.0
3916,1,0.0
3917,2,0.0
3918,1,0.0
3919,0,3.0
3920,3,0.0
3921,2,0.0
3922,3,0.0
3923,1,0.0
3924,5,0.0
3925,2,0.0
3926,5,0.0
3927,4,0.0
3928,3,0.0
3929,5,0.0
3930,4,0.0
3931,3,0.0
3932,4,0.0
3933,3,0.0
3934,5,0.0
3935,5,0.0
3936,4,0.0
3937,2,0.0
3938,2,0.0
3939,5,0.0
3940,1,0.0
3941,2,0.0
3942,5,0.0
3943,2,0.0
3944,2,0.0
3945,5,0.0
3946,3,0.0
3947,1,0.0
3948,4,0.0
3949,2,0.0
3950,0,0.0
3951,1,0.0
3952,5,0.0
3953,2,0.0
3954,0,0.0
3955,5,0.0
3956,1,0.0
3957,5,0.0
3958,3,0.0
3959,0,0.0
3960,4,0.0
3961,2,0.0
3962,4,0.0
3963,0,0.0
3964,1,0.0
3965,4,0.0
3966,3,0.0
3967,0,0.0
3968,5,0.0
3969,5,0.0
3970,2,0.0
3971,3,0.0
3972,1,0.0
3973,2,0.0
3974,0,0.0
3975,2,0.0
3976,5,0.0
3977,3,0.0
3978,2,0.0
3979,3,0.0
3980,0,0.0
3981,4,0.0
3982,1,0.0
3983,2,0.0
3984,2,0.0
3985,1,0.0
3986,2,0.0
3987,0,0.0
3988,4,0.0
3989,0,0.0
3990,5,0.0
3991,5,0.0
3992,5,0.0
3993,0,0.0
3994,3,0.0
3995,5,0.0
3996,5,0.0
3997,0,0.0
3998,0,0.0
3999,0,0.0
4000,2,0.0
4001,2,0.0
4002,0,0.0
4003,2,0.0
4004,4,0.0
4005,2,0.0
4006,3,0.0
4007,2,0.0
4008,5,0.0
4009,1,0.0
4010,0,0.0
4011,1,0.0
4012,0,0.0
4013,3,0.0
4014,2,0.0
4015,1,0.0
4016,1,0.0
4017,5,0.0
4018,2,0.0
4019,1,0.0
4020,3,0.0
4021,2,0.0
4022,3,0.0
4023,2,0.0
4024,1,0.0
4025,1,0.0
4026,5,0.0
4027,4,0.0
4028,5,0.0
4029,5,0.0
4030,2,0.0
4031,0,0.0
4032,3,0.0
4033,0,0.0
4034,4,0.0
4035,0,0.0
4036,1,0.0
4037,4,0.0
4038,4,0.0
4039,4,0.0
4040,2,0.0
4041,4,0.0
4042,4,0.0
4043,0,0.5
4044,3,0.0
4045,0,0.0
4046,0,0.0
4047,3,0.0
4048,3,0.0
4049,0,0.0
4050,5,0.0
4051,4,0.0
4052,1,0.0
4053,2,0.0
4054,0,0.0
4055,3,0.0
4056,3,0.0
4057,0,0.0
4058,4,1.0
4059,0,0.0
4060,3,0.0
4061,1,0.0
4062,4,0.0
4063,2,0.0
4064,0,0.0
4065,2,0.0
4066,2,0.0
4067,5,0.0
4068,5,0.0
4069,2,1.5
4070,1,0.0
4071,4,0.0
4072,5,0.0
4073,1,0.0
4074,2,0.0
4075,5,0.0
4076,4,0.0
4077,3,0.0
4078,4,0.0
4079,5,0.0
4080,0,0.0
4081,2,0.0
4082,3,0.0
4083,3,0.0
4084,3,2.0
4085,4,0.0
4086,2,0.0
4087,1,0.0
4088,4,0.0
4089,3,0.0
4090,3,0.0
4091,0,0.0
4092,1,0.0
4093,0,0.0
4094,3,0.0
4095,1,0.0
4096,4,0.0
4097,2,0.0
4098,0,0.0
4099,2,0.0
4100,2,2.5
4101,1,0.0
4102,3,0.0
4103,1,0.0
4104,3,0.0
4105,1,0.0
4106,1,0.0
4107,5,0.0
4108,3,0.0
4109,4,0.0
4110,2,0.0
4111,2,0.0
4112,5,0.0
4113,2,0.0
4114,1,0.0
4115,5,0.0
4116,4,0.0
4117,0,0.0
4118,2,0.0
4119,4,0.0
4120,1,0.0
4121,1,0.0
4122,0,0.0
4123,2,0.0
4124,5,0.0
4125,1,0.0
4126,0,0.0
4127,1,0.0
4128,0,0.0
4129,2,0.0
4130,2,0.0
4131,4,0.0
4132,3,0.0
4133,2,0.0
4134,0,0.0
4135,5,0.0
4136,3,0.0
4137,4,0.0
4138,2,0.0
4139,0,0.0
4140,1,0.0
4141,3,0.0
4142,2,0.0
4143,0,0.0
4144,2,0.0
4145,3,0.0
4146,2,0.0
4147,1,0.0
4148,3,0.0
4149,1,0.0
4150,2,0.0
4151,1,0.0
4152,4,0.0
4153,3,0.0
4154,2,0.0
4155,1,0.0
4156,4,0.0
4157,5,0.0
4158,5,0.0
4159,2,0.0
4160,4,0.0
4161,3,0.0
4162,4,0.0
4163,4,0.0
4164,3,0.0
4165,4,0.0
4166,0,0.0
4167,2,0.0
4168,5,0.0
4169,5,0.0
4170,0,0.0
4171,2,0.0
4172,2,0.0
4173,0,0.0
4174,1,0.0
4175,2,0.0
4176,4,0.0
4177,1,0.0
4178,2,0.0
4179,3,0.0
4180,0,0.0
4181,3,0.0
4182,2,0.0
4183,5,0.0
4184,2,0.0
4185,2,0.0
4186,4,0.0
4187,1,0.0
4188,2,0.0
4189,5,0.0
4190,3,0.0
4191,3,0.0
4192,5,0.0
4193,0,0.0
4194,4,0.0
4195,2,0.5
4196,0,0.0
4197,0,0.0
4198,2,0.0
4199,3,0.0
4200,5,0.0
4201,5,0.0
4202,2,0.0
4203,5,0.0
4204,5,0.0
4205,4,0.0
4206,1,0.0
4207,3,0.0
4208,4,0.0
4209,4,0.0
4210,1,0.0
4211,1,0.0
4212,3,0.0
4213,4,0.0
4214,4,0.0
4215,5,0.0
4216,2,0.0
4217,3,0.0
4218,5,0.0
4219,1,0.0
4220,0,0.0
4221,0,0.0
4222,2,0.0
4223,4,0.0
4224,3,0.0
4225,3,0.0
4226,3,0.0
4227,1,0.0
4228,5,0.0
4229,2,0.0
4230,5,0.0
4231,1,0.0
4232,0,0.0
4233,0,0.0
4234,2,0.0
4235,1,0.0
4236,3,0.0
4237,5,0.0
4238,4,0.0
4239,5,0.0
4240,5,0.0
4241,3,0.0
4242,1,0.0
4243,3,0.0
4244,5,1.5
4245,3,0.0
4246,4,0.0
4247,2,0.0
4248,0,0.0
4249,1,0.0
4250,4,0.0
4251,5,0.0
4252,1,0.0
4253,0,0.0
4254,0,0.0
4255,0,0.0
4256,1,0.0
4257,5,0.0
4258,3,0.0
4259,5,0.0
4260,0,3.0
4261,0,0.0
4262,0,0.0
4263,5,0.0
4264,0,0.0
4265,1,0.0
4266,4,0.0
4267,0,0.0
4268,4,0.0
4269,1,0.0
4270,0,0.0
4271,5,0.0
4272,3,0.0
4273,2,0.0
4274,5,0.0
4275,5,0.0
4276,4,0.0
4277,4,0.0
4278,0,0.0
4279,0,0.0
4280,4,0.0
4281,2,0.0
4282,3,0.0
4283,0,0.0
4284,1,0.0
4285,3,0.0
4286,2,0.0
4287,5,0.0
4288,4,0.0
4289,0,0.0
4290,0,0.0
4291,4,0.0
4292,1,0.0
4293,4,0.0
4294,0,0.0
4295,4,0.0
4296,2,0.0
4297,0,0.0
4298,4,0.0
4299,5,0.0
4300,1,0.0
4301,0,0.0
4302,0,0.0
4303,3,0.0
4304,4,0.0
4305,2,0.0
4306,1,0.0
4307,1,0.0
4308,0,0.0
4309,2,0.0
4310,2,0.0
4311,5,0.0
4312,0,0.0
4313,5,0.0
4314,4,0.0
4315,1,0.0
4316,3,0.0
4317,0,0.0
4318,0,0.0
4319,2,0.0
4320,1,0.0
4321,2,0.0
4322,5,0.0
4323,0,0.0
4324,4,0.0
4325,3,0.0
4326,2,0.0
4327,0,0.0
4328,3,0.0
4329,5,0.0
4330,2,0.0
4331,4,0.0
4332,4,0.0
4333,3,0.0
4334,1,0.5
4335,4,0.0
4336,5,0.0
4337,4,0.0
4338,4,0.0
4339,3,0.0
4340,2,0.0
4341,5,0.0
4342,0,0.0
4343,4,0.0
4344,5,1.0
4345,2,0.0
4346,4,0.0
4347,2,0.0
4348,1,0.0
4349,2,0.0
4350,5,0.0
4351,3,0.0
4352,0,0.0
4353,0,0.0
4354,3,0.0
4355,4,0.0
4356,1,0.0
4357,5,0.0
4358,5,0.0
4359,2,0.0
4360,5,0.0
4361,1,0.0
4362,5,0.0
4363,2,0.0
4364,3,0.0
4365,1,0.0
4366,1,0.0
4367,0,0.0
4368,0,0.0
4369,4,0.0
4370,4,0.0
4371,3,0.0
4372,3,0.0
4373,2,0.0
4374,0,0.0
4375,4,0.0
4376,0,0.0
4377,3,0.0
4378,3,0.0
4379,1,0.0
4380,5,0.0
4381,1,0.0
4382,0,0.0
4383,5,0.0
4384,2,0.0
4385,5,0.0
4386,1,0.0
4387,5,0.0
4388,2,0.0
4389,0,0.0
4390,4,0.0
4391,0,0.0
4392,5,0.0
4393,0,0.0
4394,0,0.0
4395,0,0.0
4396,1,0.0
4397,3,0.0
4398,1,0.0
4399,0,1.5
4400,2,0.0
4401,5,0.0
4402,1,0.0
4403,2,0.0
4404,0,0.0
4405,0,0.0
4406,0,0.0
4407,2,0.0
4408,4,0.0
4409,2,0.0
4410,3,0.0
4411,2,0.0
4412,4,0.0
4413,0,2.0
4414,0,0.0
4415,2,0.0
4416,0,0.0
4417,0,0.0
4418,2,0.0
4419,0,0.0
4420,4,0.0
4421,4,0.0
4422,0,0.0
4423,4,0.0
4424,2,0.0
4425,4,0.0
4426,1,0.0
4427,1,0.0
4428,2,0.0
4429,5,0.0
4430,3,0.0
4431,3,0.0
4432,4,0.0
4433,5,0.0
4434,3,0.0
4435,4,0.0
4436,2,0.0
4437,2,0.0
4438,0,0.0
4439,1,0.0
4440,1,0.0
4441,3,0.0
4442,3,0.0
4443,5,0.0
4444,4,0.0
4445,2,0.0
4446,3,0.0
4447,3,0.0
4448,4,0.0
4449,5,0.0
4450,2,0.0
4451,5,0.0
4452,1,0.0
4453,5,0.0
4454,3,2.0
4455,1,0.0
4456,1,0.0
4457,2,0.0
4458,1,0.0
4459,4,0.0
4460,5,0.0
4461,5,0.0
4462,2,0.0
4463,1,0.0
4464,4,0.0
4465,1,0.0
4466,0,0.0
4467,5,0.0
4468,4,0.0
4469,0,0.0
4470,2,0.0
4471,4,0.0
4472,5,0.0
4473,3,0.0
4474,2,0.0
4475,3,0.0
4476,1,0.0
4477,3,0.0
4478,0,0.0
4479,3,0.0
4480,0,0.0
4481,3,0.0
4482,3,0.0
4483,2,1.0
4484,0,0.0
4485,4,0.0
4486,3,0.0
4487,4,0.0
4488,5,0.0
4489,5,0.0
4490,2,0.0
4491,2,0.0
4492,2,0.0
4493,4,0.0
4494,0,0.0
4495,2,0.0
4496,4,0.0
4497,4,0.0
4498,2,0.0
4499,3,2.5
4500,2,0.0
4501,1,0.0
4502,1,0.0
4503,5,0.0
4504,5,0.0
4505,1,0.0
4506,3,0.0
4507,0,1.0
4508,0,0.0
4509,5,0.0
4510,0,0.0
4511,1,0.0
4512,5,0.0
4513,3,0.0
4514,1,0.0
4515,0,0.0
4516,1,0.0
4517,5,0.0
4518,5,0.0
4519,2,0.0
4520,0,0.0
4521,4,0.0
4522,0,0.0
4523,4,0.0
4524,3,3.0
4525,0,0.0
4526,1,0.0
4527,2,0.0
4528,2,0.0
4529,5,0.0
4530,0,0.0
4531,0,0.0
4532,0,0.0
4533,1,0.0
4534,3,0.0
4535,1,0.0
4536,1,0.0
4537,1,0.0
4538,4,0.0
4539,2,0.0
4540,0,0.0
4541,4,0.0
4542,5,0.0
4543,4,0.0
4544,3,0.0
4545,5,0.0
4546,1,0.0
4547,0,0.0
4548,2,0.0
4549,1,0.0
4550,3,0.0
4551,0,0.0
4552,5,0.0
4553,5,0.0
4554,1,0.0
4555,4,0.0
4556,0,0.0
4557,2,0.0
4558,4,0.0
4559,5,0.0
4560,4,0.0
4561,1,0.0
4562,2,0.0
4563,3,0.0
4564,1,0.0
4565,1,0.0
4566,0,0.0
4567,0,0.0
4568,1,0.0
4569,3,0.0
4570,5,0.0
4571,0,0.0
4572,1,0.0
4573,2,0.0
4574,2,0.0
4575,5,0.0
4576,1,0.0
4577,1,0.0
4578,2,0.0
4579,3,0.0
4580,4,0.0
4581,0,0.0
4582,3,2.5
4583,5,0.0
4584,1,0.0
4585,0,0.0
4586,2,0.0
4587,0,0.0
4588,2,0.0
4589,5,0.0
4590,2,0.0
4591,5,0.0
4592,5,0.0
4593,3,0.0
4594,1,0.0
4595,5,0.0
4596,2,0.0
4597,2,0.0
4598,2,0.0
4599,3,0.0
4600,1,0.0
4601,2,0.0
4602,4,0.0
4603,1,0.0
4604,0,0.0
4605,1,0.0
4606,0,0.0
4607,3,0.0
4608,5,0.0
4609,1,0.0
4610,2,0.0
4611,3,0.0
4612,2,0.0
4613,1,0.0
4614,2,0.0
4615,2,0.0
4616,5,0.0
4617,4,0.0
4618,1,0.0
4619,5,0.0
4620,0,0.0
4621,4,0.0
4622,4,0.0
4623,5,0.0
4624,1,0.0
4625,1,0.0
4626,3,0.0
4627,1,0.0
4628,0,0.0
4629,4,0.0
4630,4,0.0
4631,1,0.0
4632,4,0.0
4633,3,0.0
4634,4,0.0
4635,0,0.0
4636,0,0.0
4637,3,0.0
4638,5,0.0
4639,4,0.0
4640,0,0.0
4641,5,0.0
4642,1,0.0
4643,5,0.0
4644,3,0.0
4645,0,0.0
4646,3,0.0
4647,0,0.0
4648,0,0.0
4649,4,0.0
4650,3,0.0
4651,3,0.0
4652,5,0.0
4653,5,0.0
4654,4,0.0
4655,5,0.0
4656,5,0.0
4657,3,0.0
4658,5,0.0
4659,1,0.0
4660,3,0.0
4661,3,0.0
4662,1,0.0
4663,0,0.0
4664,0,0.0
4665,5,0.0
4666,5,0.0
4667,2,0.0
4668,4,0.0
4669,1,0.0
4670,1,0.0
4671,4,0.0
4672,2,0.0
4673,3,0.0
4674,5,0.0
4675,2,0.0
4676,2,0.0
4677,0,0.0
4678,0,0.0
4679,0,0.0
4680,5,0.0
4681,1,0.0
4682,0,0.0
4683,4,0.0
4684,2,0.0
4685,0,0.0
4686,2,0.0
4687,4,0.0
4688,5,0.0
4689,5,0.0
4690,1,0.0
4691,5,0.0
4692,3,0.0
4693,4,0.0
4694,2,0.0
4695,1,0.0
4696,0,0.0
4697,0,0.0
4698,1,0.0
4699,2,0.0
4700,4,0.0
4701,2,0.0
4702,2,0.0
4703,5,0.0
4704,1,0.0
4705,1,0.0
4706,0,0.0
4707,1,0.0
4708,1,0.0
4709,5,1.0
4710,3,0.0
4711,2,0.0
4712,3,0.0
4713,5,0.0
4714,5,0.0
4715,0,0.5
4716,2,0.0
4717,5,0.0
4718,1,0.0
4719,5,0.0
4720,4,0.0
4721,2,0.0
4722,1,0.0
4723,0,0.0
4724,0,0.0
4725,2,0.0
4726,0,0.0
4727,1,1.5
4728,3,0.0
4729,2,0.0
4730,4,0.0
4731,0,0.0
4732,5,0.0
4733,4,0.0
4734,4,0.0
4735,1,0.0
4736,5,0.0
4737,2,0.0
4738,1,0.0
4739,3,0.0
4740,0,0.0
4741,5,2.0
4742,0,0.0
4743,5,0.0
4744,4,0.0
4745,4,0.0
4746,2,0.0
4747,3,0.0
4748,3,0.0
4749,0,0.0
4750,4,0.0
4751,2,0.0
4752,2,0.0
4753,5,0.0
4754,5,0.0
4755,2,0.0
4756,0,0.0
4757,5,0.0
4758,1,0.0
4759,0,0.0
4760,0,0.0
4761,1,0.0
4762,4,0.0
4763,3,0.0
4764,0,0.0
4765,0,0.0
4766,4,0.0
4767,3,0.0
4768,5,0.0
4769,4,0.0
4770,3,0.0
4771,0,0.0
4772,1,0.0
4773,5,0.0
4774,5,0.0
4775,4,0.0
4776,2,0.0
4777,5,0.0
4778,4,0.0
4779,5,0.0
4780,5,0.0
4781,2,0.0
4782,1,0.0
4783,2,0.0
4784,5,0.0
4785,4,0.0
4786,0,0.0
4787,3,0.0
4788,4,0.0
4789,5,0.0
4790,3,0.0
4791,1,0.0
4792,3,0.0
4793,4,0.0
4794,4,0.0
4795,3,0.5
4796,1,0.0
4797,2,0.0
4798,1,0.0
4799,5,0.0
4800,5,0.0
4801,4,0.0
4802,2,0.0
4803,3,0.0
4804,0,1.0
4805,3,0.0
4806,5,0.0
4807,0,0.0
4808,4,0.0
4809,0,0.0
4810,4,0.0
4811,4,0.0
4812,0,0.0
4813,4,0.0
4814,5,0.0
4815,5,0.0
4816,2,1.5
4817,0,0.0
4818,0,0.0
4819,0,0.0
4820,2,0.0
4821,2,0.0
4822,3,0.0
4823,3,0.0
4824,0,0.0
4825,2,0.0
4826,5,0.0
4827,3,0.0
4828,2,0.0
4829,2,0.0
4830,5,0.0
4831,2,0.0
4832,2,0.0
4833,4,0.0
4834,4,0.0
4835,3,0.0
4836,4,0.0
4837,5,0.0
4838,2,0.0
4839,3,0.0
4840,2,0.0
4841,1,0.0
4842,2,0.0
4843,3,0.0
4844,1,0.0
4845,0,0.0
4846,2,0.0
4847,0,0.0
4848,4,0.0
4849,1,0.0
4850,1,0.0
4851,4,0.0
4852,5,0.0
4853,2,3.0
4854,1,0.0
4855,4,0.0
4856,2,0.0
4857,2,0.0
4858,2,0.0
4859,1,0.0
4860,3,0.0
4861,0,0.0
4862,4,0.0
4863,4,0.0
4864,5,0.0
4865,0,0.0
4866,2,0.0
4867,5,0.0
4868,3,0.0
4869,2,0.0
4870,5,0.0
4871,0,0.0
4872,2,0.0
4873,1,0.0
4874,0,0.0
4875,5,0.0
4876,0,0.0
4877,0,0.0
4878,1,0.0
4879,0,0.0
4880,2,0.0
4881,5,0.0
4882,4,0.0
4883,5,0.0
4884,0,0.0
4885,2,0.0
4886,5,0.0
4887,5,0.0
4888,3,0.0
4889,1,0.0
4890,3,2.5
4891,4,0.0
4892,0,0.0
4893,0,0.0
4894,2,0.0
4895,5,0.0
4896,1,0.0
4897,0,0.0
4898,5,0.0
4899,2,0.0
4900,0,0.0
4901,3,0.0
4902,3,0.0
4903,0,0.0
4904,5,0.0
4905,0,0.0
4906,1,0.0
4907,0,0.0
4908,2,0.0
4909,3,0.0
4910,2,0.0
4911,5,0.0
4912,0,0.0
4913,5,0.0
4914,0,0.0
4915,5,0.0
4916,4,0.0
4917,0,0.0
4918,1,0.0
4919,1,0.0
4920,3,0.0
4921,0,0.0
4922,1,0.0
4923,2,0.0
4924,5,0.0
4925,4,0.0
4926,2,0.0
4927,3,0.0
4928,3,0.0
4929,0,0.0
4930,4,0.0
4931,2,0.0
4932,0,0.0
4933,0,0.0
4934,1,0.0
4935,5,0.0
4936,0,0.0
4937,1,0.0
4938,4,0.0
4939,2,0.0
4940,3,0.0
4941,1,0.0
4942,1,0.0
4943,0,0.0
4944,5,0.0
4945,3,0.0
4946,2,0.0
4947,0,0.0
4948,4,0.0
4949,4,0.0
4950,3,0.0
4951,0,0.0
4952,4,0.0
4953,1,0.0
4954,0,0.0
4955,0,0.0
4956,1,0.0
4957,1,0.0
4958,1,0.0
4959,3,0.0
4960,4,0.0
4961,5,0.0
4962,1,0.0
4963,5,0.0
4964,2,0.0
4965,4,0.0
4966,0,0.0
4967,3,0.0
4968,0,0.0
4969,3,0.0
4970,3,0.0
4971,4,0.0
4972,5,0.0
4973,1,0.0
4974,3,0.0
4975,4,0.0
4976,1,0.0
4977,4,0.0
4978,0,0.0
4979,5,0.0
4980,5,0.0
4981,5,0.0
4982,0,0.0
4983,3,0.0
4984,2,0.0
4985,5,0.0
4986,0,0.0
4987,5,0.0
4988,5,0.0
4989,2,0.0
4990,3,0.0
4991,3,0.0
4992,1,0.0
4993,4,0.0
4994,4,0.0
4995,2,0.0
4996,5,0.0
4997,2,0.0
4998,5,0.0
4999,2,0.0
5000,2,0.0
5001,4,0.0
5002,5,0.0
5003,4,0.0
5004,4,0.0
5005,4,0.0
5006,4,0.0
5007,2,0.0
5008,5,0.0
5009,5,0.0
5010,1,0.0
5011,0,0.0
5012,5,0.0
5013,4,0.0
5014,4,0.0
5015,4,0.0
5016,2,0.0
5017,4,0.0
5018,4,0.0
5019,4,0.0
5020,4,0.0
5021,0,0.0
5022,4,0.0
5023,4,0.0
5024,4,0.0
5025,2,0.0
5026,3,0.0
5027,4,0.0
5028,4,0.0
5029,4,0.0
5030,4,0.0
5031,4,0.0
5032,5,0.0
5033,4,0.0
5034,4,0.0
5035,4,0.0
5036,4,0.0
5037,4,0.0
5038,4,0.0
5039,4,0.0
5040,4,0.0
5041,5,0.0
5042,0,0.0
5043,4,0.0
5044,3,0.0
5045,2,0.0
5046,2,0.0
5047,0,0.0
5048,4,0.0
5049,0,0.0
5050,4,0.0
5051,4,0.0
5052,2,0.0
5053,3,0.0
5054,0,0.0
5055,3,0.0
5056,3,0.0
5057,0,0.0
5058,1,0.0
5059,1,0.0
5060,5,0.0
5061,1,0.0
5062,2,0.0
5063,4,0.0
5064,4,0.0
5065,4,0.0
5066,0,0.0
5067,0,0.0
5068,4,0.0
5069,1,0.0
5070,2,0.0
5071,1,0.0
5072,1,0.0
5073,1,0.0
5074,3,0.0
5075,4,0.0
5076,1,0.0
5077,1,0.0
5078,2,0.0
5079,1,0.0
5080,1,0.0
5081,4,0.0
5082,5,0.0
5083,0,0.0
5084,2,0.0
5085,1,0.0
5086,0,0.0
5087,4,0.0
5088,0,0.0
5089,0,0.0
5090,0,0.0
5091,0,0.0
5092,0,0.0
5093,0,0.5
5094,4,0.0
5095,5,0.0
5096,5,0.0
5097,3,0.0
5098,3,0.0
5099,5,0.0
5100,4,0.0
5101,3,0.0
5102,2,0.0
5103,2,0.0
5104,2,0.0
5105,2,0.0
5106,0,0.0
5107,0,0.0
5108,0,0.0
5109,1,0.0
5110,4,0.0
5111,4,0.0
5112,5,0.0
5113,1,0.0
5114,1,0.0
5115,1,0.0
5116,3,0.0
5117,0,0.0
5118,5,0.0
5119,3,0.0
5120,3,0.0
5121,4,0.0
5122,4,0.0
5123,0,0.0
5124,4,0.0
5125,4,0.0
5126,2,0.0
5127,2,0.0
5128,5,0.0
5129,5,0.0
5130,2,0.0
5131,5,0.0
5132,4,0.0
5133,5,0.0
5134,5,0.0
5135,5,0.0
5136,5,0.0
5137,1,0.0
5138,0,0.0
5139,2,0.0
5140,3,0.0
5141,1,0.0
5142,1,0.0
5143,1,0.0
5144,5,0.0
5145,1,0.0
5146,1,0.0
5147,3,0.0
5148,1,0.0
5149,4,0.0
5150,3,1.0
5151,5,0.0
5152,1,0.0
5153,1,0.0
5154,2,0.0
5155,3,0.0
5156,3,0.0
5157,4,0.5
5158,5,0.0
5159,5,0.0
5160,4,0.0
5161,4,0.0
5162,3,0.0
5163,1,0.0
5164,3,0.0
5165,3,0.0
5166,3,0.0
5167,4,0.0
5168,1,1.5
5169,4,0.0
5170,1,0.0
5171,4,0.0
5172,4,0.0
5173,5,0.0
5174,3,0.0
5175,3,0.0
5176,0,0.0
5177,3,0.0
5178,0,0.0
5179,3,0.0
5180,3,0.0
5181,2,2.0
5182,2,0.0
5183,3,0.0
5184,2,0.0
5185,1,0.0
5186,2,0.0
5187,0,0.0
5188,0,0.0
5189,0,0.0
5190,5,0.0
5191,0,0.0
5192,1,0.0
5193,0,0.0
5194,2,0.0
5195,0,0.0
5196,5,0.0
5197,4,0.0
5198,1,0.0
5199,0,0.0
5200,5,0.0
5201,0,0.0
5202,3,0.0
5203,3,0.0
5204,3,0.0
5205,3,0.0
5206,3,0.0
5207,3,0.0
5208,3,0.0
5209,2,0.0
5210,5,0.0
5211,1,0.0
5212,3,0.0
5213,5,0.0
5214,3,0.0
5215,3,0.0
5216,5,0.0
5217,2,0.0
5218,3,0.0
5219,2,0.0
5220,1,0.0
5221,2,0.0
5222,2,0.0
5223,3,0.0
5224,2,0.0
5225,4,0.0
5226,3,0.0
5227,3,0.0
5228,3,2.5
5229,0,0.0
5230,0,0.0
5231,0,0.0
5232,0,0.0
5233,2,0.0
5234,1,0.0
5235,3,0.0
5236,0,0.0
5237,1,0.0
5238,2,0.0
5239,2,0.0
5240,3,0.0
5241,5,0.0
5242,5,0.0
5243,5,0.0
5244,5,0.0
5245,1,0.0
5246,1,0.0
5247,0,0.0
5248,3,0.0
5249,0,0.0
5250,0,0.0
5251,4,0.0
5252,1,0.0
5253,0,0.0
5254,0,0.0
5255,0,0.0
5256,4,0.0
5257,0,0.0
5258,3,0.0
5259,0,0.0
5260,0,0.0
5261,5,0.0
5262,5,0.0
5263,5,0.0
5264,5,0.0
5265,5,0.0
5266,0,0.0
5267,0,0.0
5268,0,0.0
5269,0,0.0
5270,0,0.0
5271,5,0.0
5272,5,0.0
5273,0,0.0
5274,0,0.0
5275,2,0.0
5276,5,0.0
5277,1,0.0
5278,4,0.0
5279,5,0.0
5280,5,0.0
5281,5,0.0
5282,0,0.0
5283,0,0.0
5284,0,0.0
5285,0,0.0
5286,3,0.0
5287,5,0.0
5288,5,0.0
5289,1,0.0
5290,5,0.0
5291,5,0.0
5292,4,0.0
5293,4,0.0
5294,5,0.0
5295,5,0.0
5296,3,0.0
5297,5,0.0
5298,5,0.0
5299,5,0.0
5300,4,0.0
5301,5,0.0
5302,1,0.0
5303,2,0.0
5304,1,0.0
5305,2,0.0
5306,2,0.0
5307,4,0.0
5308,2,0.0
5309,2,0.0
5310,5,0.0
5311,5,0.0
5312,5,0.0
5313,2,0.0
5314,3,0.0
5315,3,0.0
5316,0,0.0
5317,2,0.0
5318,3,0.0
5319,5,0.0
5320,0,0.0
5321,5,0.0
5322,1,0.0
5323,3,0.0
5324,5,0.0
5325,2,0.0
5326,5,0.0
5327,2,0.0
5328,2,0.0
5329,1,0.0
5330,4,0.0
5331,5,0.0
5332,5,0.0
5333,0,0.0
5334,5,0.0
5335,4,0.0
5336,2,0.0
5337,3,0.0
5338,0,0.0
5339,0,0.0
5340,5,0.0
5341,4,0.0
5342,0,0.0
5343,0,0.0
5344,2,0.0
5345,0,0.0
5346,0,0.0
5347,0,0.0
5348,1,0.0
5349,0,0.0
5350,5,0.0
5351,0,0.0
5352,1,0.0
5353,4,0.0
5354,5,0.0
5355,3,0.0
5356,5,0.0
5357,0,0.0
5358,1,0.0
5359,0,0.0
5360,1,0.0
5361,1,0.0
5362,1,0.0
5363,1,0.0
5364,4,0.0
5365,1,0.0
5366,0,0.0
5367,1,0.0
5368,5,0.0
5369,5,0.0
5370,0,0.0
5371,0,0.0
5372,1,0.0
5373,5,0.0
5374,2,0.0
5375,5,0.0
5376,0,0.0
5377,5,0.0
5378,3,0.0
5379,5,0.0
5380,3,0.0
5381,0,0.0
5382,3,0.0
5383,2,0.0
5384,3,0.0
5385,0,0.0
5386,2,0.0
5387,0,0.0
5388,0,0.0
5389,0,0.0
5390,3,0.0
5391,2,0.0
5392,2,0.0
5393,1,0.0
5394,2,0.0
5395,2,0.0
5396,0,0.0
5397,2,0.0
5398,2,0.0
5399,2,0.0
5400,1,0.0
5401,0,0.0
5402,0,0.0
5403,2,0.0
5404,0,0.0
5405,1,0.0
5406,3,0.0
5407,4,0.0
5408,5,0.0
5409,5,0.0
5410,2,0.0
5411,2,0.0
5412,3,0.0
5413,2,0.0
5414,0,0.0
5415,0,0.0
5416,1,0.0
5417,1,0.0
5418,5,0.0
5419,5,0.0
5420,5,0.0
5421,0,0.0
5422,5,0.0
5423,0,0.0
5424,5,0.0
5425,1,0.0
5426,4,0.0
5427,3,0.0
5428,0,0.0
5429,0,0.0
5430,5,0.0
5431,2,0.0
5432,4,0.0
5433,3,0.0
5434,5,0.0
5435,3,0.0
5436,3,0.0
5437,3,0.0
5438,3,0.0
5439,3,0.0
5440,3,0.0
5441,3,0.0
5442,0,3.0
5443,0,0.0
5444,2,0.0
5445,4,0.0
5446,3,0.0
5447,2,0.0
5448,1,0.0
5449,3,0.0
5450,5,0.0
5451,5,0.0
5452,3,0.0
5453,3,0.0
5454,3,0.0
5455,1,0.0
5456,4,0.0
5457,1,0.0
5458,3,0.0
5459,5,0.0
5460,3,0.0
5461,3,0.0
5462,3,0.0
5463,0,0.0
5464,0,0.0
5465,5,0.0
5466,1,0.0
5467,3,0.0
5468,5,0.0
5469,3,0.0
5470,2,0.0
5471,3,0.0
5472,2,0.0
5473,4,0.0
5474,5,0.0
5475,4,0.0
5476,1,0.0
5477,4,0.0
5478,2,0.0
5479,3,0.0
5480,4,0.0
5481,3,0.0
5482,3,0.0
5483,4,0.0
5484,2,0.0
5485,4,0.0
5486,4,0.0
5487,0,0.0
5488,3,0.0
5489,1,0.0
5490,3,0.0
5491,3,0.0
5492,3,0.0
5493,5,0.0
5494,3,0.0
5495,0,0.0
5496,3,0.0
5497,1,0.0
5498,1,0.0
5499,1,0.0
5500,1,0.0
5501,2,0.0
5502,1,0.0
5503,1,0.0
5504,3,0.0
5505,2,0.0
5506,5,0.0
5507,1,0.0
5508,1,0.0
5509,2,0.0
5510,1,0.0
5511,1,0.0
5512,3,0.0
5513,1,0.0
5514,3,0.0
5515,3,0.0
5516,1,0.0
5517,1,0.0
5518,1,0.0
5519,3,0.0
5520,4,0.0
5521,5,0.0
5522,2,0.0
5523,4,0.0
5524,2,0.0
5525,2,0.0
5526,2,0.0
5527,5,0.0
5528,0,0.0
5529,3,0.0
5530,3,0.0
5531,3,0.0
5532,3,0.0
5533,3,0.0
5534,3,0.0
5535,3,0.0
5536,3,0.0
5537,3,0.0
5538,3,0.0
5539,3,0.0
5540,3,0.0
5541,3,0.0
5542,0,0.0
5543,3,0.0
5544,3,0.0
5545,1,0.0
5546,3,0.0
5547,3,0.0
5548,3,0.0
5549,3,0.0
5550,3,0.0
5551,2,0.0
5552,3,0.0
5553,5,0.0
5554,5,0.0
5555,3,0.0
5556,3,0.0
5557,3,0.0
5558,3,0.0
5559,3,0.0
5560,2,0.0
5561,2,0.0
5562,1,0.0
5563,5,0.0
5564,2,0.0
5565,2,0.0
5566,5,0.0
5567,1,0.0
5568,5,0.0
5569,5,0.0
5570,4,0.0
5571,4,0.0
5572,4,0.0
5573,5,1.0
5574,4,0.0
5575,5,0.0
5576,3,0.0
5577,2,0.0
5578,4,0.0
5579,4,0.0
5580,5,0.0
5581,2,0.0
5582,5,0.0
5583,0,1.5
5584,4,0.0
5585,1,0.0
5586,0,0.0
5587,3,0.0
5588,3,0.0
5589,5,0.0
5590,4,0.0
5591,5,0.0
5592,0,0.0
5593,0,0.0
5594,0,0.0
5595,4,0.0
5596,2,0.0
5597,3,0.0
5598,4,0.0
5599,0,0.0
5600,3,0.0
5601,5,0.0
5602,0,0.0
5603,0,0.0
5604,4,0.0
5605,0,0.0
5606,0,0.0
5607,0,0.0
5608,0,0.0
5609,0,0.0
5610,0,0.0
5611,0,0.0
5612,2,0.0
5613,4,0.0
5614,0,0.0
5615,3,0.0
5616,1,0.0
5617,3,0.0
5618,1,0.0
5619,0,0.0
5620,4,0.0
5621,2,0.0
5622,2,0.0
5623,4,0.0
5624,4,0.0
5625,3,0.0
5626,1,0.0
5627,1,0.0
5628,2,0.0
5629,5,0.0
5630,1,0.0
5631,2,0.0
5632,2,0.0
5633,2,0.0
5634,2,0.0
5635,1,0.0
5636,2,0.0
5637,0,0.0
5638,3,0.0
5639,1,0.0
5640,4,0.0
5641,3,0.0
5642,3,0.0
5643,1,0.0
5644,0,0.0
5645,3,0.0
5646,3,0.0
5647,3,0.0
5648,3,0.0
5649,3,0.0
5650,0,0.0
5651,1,0.0
5652,0,0.0
5653,0,0.0
5654,3,0.0
5655,0,0.0
5656,0,0.0
5657,0,0.0
5658,4,0.0
5659,4,0.0
5660,0,0.0
5661,3,0.0
5662,3,0.0
5663,5,0.0
5664,3,0.0
5665,4,0.0
5666,2,0.0
5667,4,0.0
5668,1,0.0
5669,5,0.0
5670,1,0.0
5671,0,0.0
5672,4,0.0
5673,2,0.0
5674,3,0.0
5675,2,0.0
5676,1,0.0
5677,4,0.0
5678,4,0.0
5679,5,0.0
5680,2,0.0
5681,2,0.0
5682,2,0.0
5683,1,0.0
5684,3,0.0
5685,0,0.0
5686,1,0.0
5687,0,0.0
5688,2,0.0
5689,2,0.0
5690,1,0.0
5691,5,0.0
5692,0,1.0
5693,0,0.0
5694,5,0.0
5695,3,0.0
5696,5,0.0
5697,5,0.0
5698,4,0.0
5699,5,0.0
5700,5,0.5
5701,4,0.0
5702,3,0.0
5703,4,0.0
5704,2,0.0
5705,2,0.0
5706,3,0.0
5707,3,0.0
5708,4,0.0
5709,5,0.0
5710,1,0.0
5711,4,0.0
5712,3,0.0
5713,2,0.0
5714,3,0.0
5715,3,0.0
5716,2,0.0
5717,4,0.0
5718,3,0.0
5719,2,0.0
5720,3,0.0
5721,3,0.0
5722,0,0.0
5723,3,0.0
5724,3,0.0
5725,1,0.0
5726,1,0.0
5727,0,1.5
5728,5,0.0
5729,2,0.0
5730,5,0.0
5731,5,0.0
5732,5,0.0
5733,2,0.0
5734,2,0.0
5735,5,0.0
5736,3,0.0
5737,2,0.0
5738,5,0.0
5739,2,0.0
5740,2,0.0
5741,2,0.0
5742,2,0.0
5743,2,0.0
5744,2,0.0
5745,5,0.0
5746,2,0.0
5747,3,0.0
5748,5,0.0
5749,2,0.0
5750,2,0.0
5751,2,0.0
5752,2,0.0
5753,2,0.0
5754,2,0.0
5755,2,0.0
5756,2,0.0
5757,3,2.0
5758,1,0.0
5759,2,0.0
5760,2,0.0
5761,2,0.0
5762,2,0.0
5763,2,0.0
5764,0,0.0
5765,2,0.0
5766,2,0.0
5767,4,0.0
5768,1,0.0
5769,1,0.0
5770,2,0.0
5771,3,0.0
5772,2,0.0
5773,2,0.0
5774,5,0.0
5775,5,0.0
5776,0,0.0
5777,2,0.0
5778,4,0.0
5779,3,0.0
5780,2,0.0
5781,2,0.0
5782,2,0.0
5783,0,0.0
5784,1,0.0
5785,2,0.0
5786,2,0.0
5787,2,0.0
5788,2,0.0
5789,2,0.0
5790,2,0.0
5791,2,0.0
5792,2,0.0
5793,4,0.0
5794,2,0.0
5795,2,0.0
5796,3,0.0
5797,1,0.0
5798,4,0.0
5799,2,0.5
5800,4,0.0
5801,2,0.0
5802,0,0.0
5803,5,0.0
5804,5,0.0
5805,0,0.0
5806,0,0.0
5807,0,0.0
5808,0,0.0
5809,0,0.0
5810,4,0.0
5811,5,0.0
5812,1,0.0
5813,1,0.0
5814,1,0.0
5815,1,0.0
5816,1,0.0
5817,1,0.0
5818,0,0.0
5819,0,0.0
5820,5,0.0
5821,5,0.0
5822,0,0.0
5823,0,0.0
5824,3,0.0
5825,0,0.0
5826,4,0.0
5827,1,0.0
5828,4,0.0
5829,0,0.0
5830,0,0.0
5831,4,0.0
5832,4,0.0
5833,5,0.0
5834,1,0.0
5835,5,0.0
5836,2,0.0
5837,3,0.0
5838,5,0.0
5839,4,0.0
5840,5,0.0
5841,5,0.0
5842,5,0.0
5843,5,0.0
5844,0,0.0
5845,5,0.0
5846,5,0.0
5847,1,0.0
5848,0,0.0
5849,3,0.0
5850,1,0.0
5851,5,0.0
5852,5,0.0
5853,4,0.0
5854,2,0.0
5855,2,0.0
5856,5,0.0
5857,5,0.0
5858,2,0.0
5859,2,0.0
5860,3,0.0
5861,2,0.0
5862,2,0.0
5863,3,0.0
5864,2,0.0
5865,5,0.0
5866,2,0.0
5867,3,0.0
5868,5,0.0
5869,5,0.0
5870,4,0.0
5871,5,0.0
5872,5,0.0
5873,2,0.0
5874,5,0.0
5875,5,0.0
5876,4,0.0
5877,1,0.0
5878,2,0.0
5879,2,0.0
5880,5,0.0
5881,4,0.0
5882,5,0.0
5883,4,0.0
5884,5,0.0
5885,4,0.0
5886,5,0.0
5887,2,0.0
5888,0,0.0
5889,4,0.0
5890,2,0.0
5891,2,0.0
5892,2,0.0
5893,2,0.0
5894,2,0.0
5895,3,0.0
5896,1,0.0
5897,2,0.0
5898,4,0.0
5899,3,0.0
5900,2,0.0
5901,2,0.0
5902,2,0.0
5903,2,0.0
5904,2,0.0
5905,2,0.0
5906,4,0.0
5907,2,0.0
5908,2,0.0
5909,2,0.0
5910,3,0.0
5911,5,0.0
5912,1,0.0
5913,1,0.0
5914,5,0.0
5915,2,0.0
5916,4,0.0
5917,0,0.0
5918,0,0.0
5919,0,0.0
5920,0,0.0
5921,5,0.0
5922,4,0.0
5923,2,0.0
5924,2,0.0
5925,2,0.0
5926,2,0.0
5927,3,0.0
5928,0,0.0
5929,3,0.0
5930,1,0.0
5931,1,0.0
5932,3,0.0
5933,2,0.0
5934,3,0.0
5935,0,0.0
5936,0,0.0
5937,1,0.0
5938,5,0.0
5939,1,0.0
5940,1,0.0
5941,5,0.0
5942,1,0.0
5943,4,0.0
5944,4,0.0
5945,4,0.0
5946,3,0.0
5947,5,0.0
5948,3,0.0
5949,2,0.0
5950,3,0.0
5951,2,0.0
5952,3,0.0
5953,0,0.0
5954,3,0.0
5955,1,0.0
5956,0,0.0
5957,1,0.0
5958,0,0.0
5959,2,0.0
5960,2,0.0
5961,2,0.0
5962,1,0.0
5963,3,0.0
5964,0,0.0
5965,1,0.0
5966,1,0.0
5967,0,0.0
5968,2,0.0
5969,3,0.0
5970,4,0.0
5971,3,0.0
5972,1,0.0
5973,4,0.0
5974,4,0.0
5975,5,0.0
5976,3,0.0
5977,4,0.0
5978,5,0.0
5979,5,0.0
5980,3,0.0
5981,5,0.0
5982,2,0.0
5983,0,0.0
5984,5,0.0
5985,5,0.0
5986,5,0.0
5987,5,0.0
5988,0,0.0
5989,0,0.0
5990,0,0.0
5991,3,0.0
5992,3,0.0
5993,0,0.0
5994,0,0.0
5995,3,0.0
5996,3,0.0
5997,2,0.0
5998,5,0.0
5999,5,0.0
6000,5,0.0
6001,4,0.0
6002,4,0.0
6003,5,0.0
6004,5,0.0
6005,5,0.0
6006,5,0.0
6007,5,0.0
6008,0,0.0
6009,4,0.0
6010,2,0.0
6011,3,0.0
6012,5,0.0
6013,5,0.0
6014,5,0.0
6015,1,0.0
6016,1,0.0
6017,1,0.0
6018,3,0.0
6019,3,0.0
6020,1,0.0
6021,4,0.0
6022,3,0.0
6023,4,0.0
6024,5,0.0
6025,2,0.0
6026,4,0.0
6027,4,0.0
6028,1,0.0
6029,1,0.0
6030,0,0.0
6031,0,0.0
6032,0,0.0
6033,1,0.0
6034,1,0.0
6035,1,0.0
6036,0,0.0
6037,0,0.0
6038,0,0.0
6039,3,0.0
6040,0,0.0
6041,4,0.0
6042,0,0.0
6043,0,0.0
6044,0,0.0
6045,0,0.0
6046,0,0.0
6047,0,0.0
6048,1,0.0
6049,0,0.0
6050,0,0.0
6051,0,0.0
6052,0,0.0
6053,0,0.0
6054,4,0.0
6055,0,0.0
6056,3,0.0
6057,3,0.0
6058,0,0.0
6059,0,0.0
6060,3,0.0
6061,3,0.0
6062,3,0.0
6063,4,0.0
6064,3,0.0
6065,3,0.0
6066,3,0.0
6067,4,0.0
6068,3,0.0
6069,3,0.0
6070,3,0.0
6071,2,0.0
6072,4,0.0
6073,4,0.0
6074,3,0.0
6075,2,0.0
6076,3,0.0
6077,5,0.0
6078,3,0.0
6079,3,0.0
6080,3,0.0
6081,3,0.0
6082,1,0.0
6083,3,0.0
6084,0,0.0
6085,2,0.0
6086,2,0.0
6087,0,0.0
6088,0,0.0
6089,2,0.0
6090,4,0.0
6091,4,0.0
6092,2,0.0
6093,3,0.0
6094,3,0.0
6095,3,0.0
6096,4,0.0
6097,5,0.0
6098,4,0.0
6099,2,0.0
6100,3,0.0
6101,0,0.0
6102,3,0.0
6103,2,0.0
6104,2,0.0
6105,1,0.0
6106,3,0.0
6107,1,0.0
6108,4,0.0
6109,3,0.0
6110,3,0.0
6111,3,0.0
6112,5,0.0
6113,1,0.0
6114,1,0.0
6115,1,0.0
6116,2,0.0
6117,2,0.0
6118,1,0.5
6119,0,0.0
6120,0,0.0
6121,0,0.0
6122,5,0.0
6123,0,0.0
6124,1,0.0
6125,5,0.0
6126,3,0.0
6127,5,0.0
6128,5,0.0
6129,4,0.0
6130,3,0.0
6131,4,0.0
6132,1,0.0
6133,5,0.0
6134,3,0.0
6135,3,2.0
6136,3,0.0
6137,5,0.0
6138,2,0.0
6139,1,0.0
6140,5,0.0
6141,3,0.0
6142,5,0.0
6143,5,0.0
6144,4,0.0
6145,1,1.0
6146,2,0.0
6147,5,0.0
6148,1,0.0
6149,1,0.0
6150,0,0.0
6151,3,0.0
6152,0,0.0
6153,5,0.0
6154,5,0.0
6155,0,0.0
6156,4,0.0
6157,0,0.0
6158,5,1.5
6159,1,0.0
6160,3,0.0
6161,3,0.0
6162,3,0.0
6163,3,0.0
6164,2,0.0
6165,1,0.0
6166,3,0.0
6167,3,0.0
6168,5,0.0
6169,2,0.0
6170,0,0.0
6171,4,0.0
6172,5,0.0
6173,2,2.5
6174,2,0.0
6175,3,0.0
6176,5,0.0
6177,2,0.0
6178,2,0.0
6179,3,0.0
6180,0,0.0
6181,0,0.0
6182,3,0.0
6183,3,0.0
6184,4,0.0
6185,0,0.0
6186,3,0.0
6187,3,0.0
6188,3,0.0
6189,3,0.0
6190,3,0.0
6191,4,0.0
6192,3,0.0
6193,3,0.0
6194,1,0.0
6195,5,0.0
6196,1,0.0
6197,1,0.0
6198,1,0.0
6199,3,0.0
6200,1,0.0
6201,1,0.0
6202,1,0.0
6203,1,0.0
6204,1,0.0
6205,2,0.0
6206,1,0.0
6207,1,0.0
6208,1,0.0
6209,1,0.0
6210,0,0.0
6211,4,0.0
6212,1,0.0
6213,1,0.0
6214,1,0.0
6215,5,0.0
6216,2,0.0
6217,1,0.0
6218,1,0.0
6219,3,0.0
6220,1,0.0
6221,2,0.0
6222,4,0.0
6223,4,0.0
6224,1,0.0
6225,4,0.0
6226,0,0.0
6227,3,0.0
6228,1,0.0
6229,5,0.0
6230,5,0.0
6231,4,0.0
6232,5,0.0
6233,5,0.0
6234,3,0.0
6235,5,0.0
6236,1,0.0
6237,1,0.0
6238,1,0.0
6239,1,0.0
6240,3,0.0
6241,5,0.0
6242,0,0.0
6243,5,0.0
6244,2,0.0
6245,5,0.0
6246,1,0.0
6247,5,0.0
6248,5,0.0
6249,2,0.0
6250,4,0.0
6251,2,0.0
6252,0,0.0
6253,4,0.0
6254,2,0.0
6255,1,0.0
6256,4,0.0
6257,4,0.0
6258,1,0.0
6259,3,0.0
6260,2,0.0
6261,2,0.0
6262,2,0.0
6263,2,0.0
6264,2,0.0
6265,0,0.0
6266,0,0.0
6267,1,0.0
6268,4,0.0
6269,1,0.0
6270,4,0.0
6271,0,0.0
6272,2,0.0
6273,5,0.0
6274,5,0.0
6275,4,0.0
6276,1,0.0
6277,1,0.0
6278,1,0.0
6279,1,0.0
6280,0,0.0
6281,1,0.0
6282,3,0.0
6283,4,0.0
6284,4,0.0
6285,2,0.0
6286,5,0.0
6287,5,0.0
6288,3,0.0
6289,5,0.0
6290,1,0.0
6291,1,0.0
6292,5,0.0
6293,4,0.0
6294,5,0.0
6295,5,0.0
6296,3,0.0
6297,5,0.0
6298,1,0.0
6299,1,0.0
6300,1,0.0
6301,0,0.0
6302,1,0.0
6303,1,0.0
6304,5,0.0
6305,2,0.0
6306,5,0.0
6307,1,0.0
6308,1,0.0
6309,1,0.0
6310,1,0.0
6311,5,0.0
6312,5,0.0
6313,5,0.0
6314,5,0.0
6315,5,0.0
6316,3,0.0
6317,2,0.0
6318,2,0.0
6319,0,0.0
6320,4,0.0
6321,1,0.0
6322,1,0.0
6323,4,0.0
6324,1,0.0
6325,1,0.0
6326,0,0.0
6327,1,0.0
6328,2,0.0
6329,1,0.0
6330,1,0.0
6331,2,0.0
6332,1,0.0
6333,5,0.0
6334,1,0.0
6335,1,0.0
6336,2,0.0
6337,5,0.0
6338,3,0.0
6339,2,0.0
6340,4,0.0
6341,2,0.0
6342,0,0.0
6343,1,0.0
6344,2,0.0
6345,2,0.0
6346,2,0.0
6347,2,0.0
6348,0,0.0
6349,4,0.0
6350,0,0.0
6351,5,0.0
6352,1,0.0
6353,0,0.0
6354,3,0.0
6355,4,0.0
6356,3,0.0
6357,5,0.0
6358,0,0.0
6359,2,0.0
6360,2,0.0
6361,2,0.0
6362,2,0.0
6363,2,0.0
6364,2,0.0
6365,0,0.0
6366,2,0.0
6367,2,0.0
6368,2,0.0
6369,3,0.0
6370,2,0.0
6371,4,3.0
6372,3,0.0
6373,3,0.0
6374,2,0.0
6375,1,0.0
6376,2,0.0
6377,5,0.0
6378,4,0.0
6379,4,0.0
6380,2,0.0
6381,4,0.0
6382,4,0.0
6383,3,0.0
6384,3,0.0
6385,5,0.0
6386,3,0.0
6387,0,0.0
6388,3,0.0
6389,3,0.0
6390,5,0.0
6391,3,0.0
6392,0,0.0
6393,0,0.0
6394,4,0.0
6395,3,0.0
6396,0,0.0
6397,4,0.0
6398,3,0.5
6399,3,0.0
6400,2,0.0
6401,2,0.0
6402,2,0.0
6403,2,0.0
6404,5,0.0
6405,2,0.0
6406,0,0.0
6407,3,0.0
6408,2,0.0
6409,3,0.0
6410,3,0.0
6411,5,0.0
6412,3,0.0
6413,5,0.0
6414,4,0.0
6415,1,0.0
6416,3,0.0
6417,2,0.0
6418,1,0.0
6419,3,0.0
6420,1,0.0
6421,0,0.0
6422,0,0.0
6423,4,0.0
6424,2,0.0
6425,0,0.0
6426,2,0.0
6427,3,0.0
6428,0,0.0
6429,5,0.0
6430,1,0.0
6431,4,0.0
6432,1,0.0
6433,4,0.0
6434,4,0.0
6435,4,0.0
6436,4,0.0
6437,4,0.0
6438,5,0.0
6439,1,0.0
6440,1,0.0
6441,2,0.0
6442,1,0.0
6443,1,0.0
6444,1,0.0
6445,0,0.0
6446,1,0.0
6447,1,0.0
6448,3,0.0
6449,2,0.0
6450,1,0.0
6451,1,0.0
6452,1,0.0
6453,1,0.0
6454,0,0.0
6455,2,0.0
6456,1,0.0
6457,2,0.0
6458,4,0.0
6459,1,0.0
6460,4,0.0
6461,2,0.0
6462,2,0.0
6463,3,0.0
6464,1,0.0
6465,1,0.0
6466,1,0.0
6467,1,0.0
6468,1,0.0
6469,2,0.0
6470,1,0.0
6471,1,0.0
6472,1,0.0
6473,1,0.0
6474,1,0.0
6475,0,0.0
6476,1,0.0
6477,1,0.0
6478,4,0.0
6479,5,0.0
6480,5,0.0
6481,5,0.0
6482,1,0.0
6483,5,0.0
6484,5,0.0
6485,5,0.0
6486,1,0.0
6487,1,0.0
6488,1,0.0
6489,1,0.0
6490,1,0.0
6491,1,0.0
6492,1,0.0
6493,4,0.0
6494,5,0.0
6495,1,0.0
6496,1,0.0
6497,3,0.0
6498,5,0.0
6499,2,0.0
6500,5,0.0
6501,3,0.0
6502,5,0.0
6503,5,0.0
6504,5,0.0
6505,5,0.0
6506,0,0.0
6507,0,0.0
6508,0,0.0
6509,0,0.0
6510,0,0.0
6511,5,0.0
6512,2,0.0
6513,0,0.0
6514,5,0.0
6515,5,0.0
6516,2,0.0
6517,5,0.0
6518,0,0.0
6519,3,0.0
6520,5,0.0
6521,3,0.0
6522,3,0.0
6523,3,0.0
6524,3,0.0
6525,4,0.0
6526,3,0.0
6527,3,0.0
6528,1,0.0
6529,2,0.0
6530,0,0.0
6531,5,0.0
6532,3,0.0
6533,3,0.0
6534,2,0.0
6535,3,0.0
6536,3,0.0
6537,0,0.0
6538,5,0.0
6539,4,0.0
6540,5,0.0
6541,0,0.0
6542,5,0.0
6543,3,0.0
6544,1,0.5
6545,3,0.0
6546,3,0.0
6547,3,0.0
6548,3,0.0
6549,3,0.0
6550,5,0.0
6551,3,0.0
6552,0,0.0
6553,1,0.0
6554,3,0.0
6555,3,0.0
6556,3,0.0
6557,3,0.0
6558,3,1.0
6559,0,0.0
6560,3,0.0
6561,3,0.0
6562,2,0.0
6563,3,0.0
6564,5,0.0
6565,5,0.0
6566,5,0.0
6567,5,0.0
6568,0,0.0
6569,4,0.0
6570,3,0.0
6571,3,0.0
6572,3,0.0
6573,0,0.0
6574,2,0.0
6575,3,1.5
6576,3,0.0
6577,5,0.0
6578,5,0.0
6579,5,0.0
6580,0,0.0
6581,5,0.0
6582,5,0.0
6583,3,0.0
6584,4,0.0
6585,0,0.0
6586,4,0.0
6587,3,0.0
6588,0,0.0
6589,3,2.0
6590,3,0.0
6591,3,0.0
6592,3,0.0
6593,2,0.0
6594,3,0.0
6595,3,0.0
6596,3,0.0
6597,3,0.0
6598,3,0.0
6599,0,0.0
6600,5,0.0
6601,3,0.0
6602,3,0.0
6603,3,0.0
6604,1,0.0
6605,1,0.0
6606,4,0.0
6607,2,0.0
6608,5,0.0
6609,4,0.0
6610,4,0.0
6611,3,0.0
6612,3,0.0
6613,4,0.0
6614,4,0.0
6615,3,0.0
6616,4,0.0
6617,4,0.0
6618,4,0.0
6619,4,0.0
6620,4,0.0
6621,2,0.0
6622,4,0.0
6623,2,0.0
6624,4,0.0
6625,4,0.0
6626,4,0.0
6627,4,0.0
6628,4,0.0
6629,5,0.0
6630,4,0.0
6631,3,0.0
6632,4,0.0
6633,4,0.0
6634,4,0.0
6635,0,0.0
6636,4,0.0
6637,1,0.0
6638,3,0.0
6639,3,0.0
6640,1,0.0
6641,3,0.0
6642,3,0.0
6643,3,0.0
6644,3,0.0
6645,3,0.0
6646,5,0.0
6647,5,0.0
6648,4,0.0
6649,5,0.0
6650,2,0.0
6651,2,0.0
6652,5,0.0
6653,3,0.0
6654,0,0.0
6655,3,0.0
6656,5,0.0
6657,3,0.0
6658,3,0.0
6659,3,0.0
6660,3,0.0
6661,3,0.0
6662,4,0.0
6663,5,0.0
6664,5,0.0
6665,5,0.0
6666,0,0.0
6667,5,0.0
6668,5,0.0
6669,5,0.0
6670,5,0.0
6671,3,0.0
6672,0,0.0
6673,0,0.0
6674,5,0.0
6675,5,0.0
6676,3,0.0
6677,2,0.0
6678,5,0.0
6679,1,0.0
6680,0,0.0
6681,1,0.0
6682,1,0.0
6683,0,0.0
6684,5,0.0
6685,1,0.0
6686,2,0.0
6687,2,0.0
6688,1,0.0
6689,1,0.0
6690,3,0.0
6691,2,0.0
6692,0,0.0
6693,5,0.0
6694,5,0.0
6695,1,0.0
6696,2,0.0
6697,2,0.0
6698,4,0.0
6699,4,0.0
6700,4,0.0
6701,4,0.0
6702,5,0.0
6703,2,0.0
6704,4,0.0
6705,2,0.0
6706,3,0.0
6707,5,0.0
6708,1,0.0
6709,3,0.0
6710,2,0.0
6711,4,0.0
6712,2,0.0
6713,0,0.0
6714,2,0.0
6715,4,0.0
6716,1,0.0
6717,4,0.0
6718,3,0.0
6719,4,0.0
6720,3,0.0
6721,2,0.0
6722,2,2.5
6723,5,0.0
6724,3,0.0
6725,2,0.0
6726,2,0.0
6727,0,0.0
6728,5,0.0
6729,4,0.0
6730,1,0.0
6731,4,0.0
6732,4,0.0
6733,4,0.0
6734,4,0.0
6735,4,0.0
6736,1,0.0
6737,1,0.0
6738,4,0.0
6739,1,0.0
6740,1,0.0
6741,2,0.0
6742,0,0.0
6743,2,0.0
6744,2,0.0
6745,5,0.0
6746,2,0.0
6747,2,0.0
6748,5,0.0
6749,2,0.0
6750,4,0.0
6751,4,0.0
6752,1,0.0
6753,3,0.0
6754,4,0.0
6755,4,0.0
6756,5,0.0
6757,4,0.0
6758,4,0.0
6759,1,0.0
6760,3,0.0
6761,2,0.0
6762,2,0.0
6763,2,0.0
6764,2,0.0
6765,4,0.0
6766,4,0.0
6767,4,0.0
6768,4,0.0
6769,1,0.0
6770,4,0.0
6771,2,0.0
6772,3,0.0
6773,0,0.0
6774,0,0.0
6775,5,0.0
6776,2,0.0
6777,4,0.0
6778,2,0.0
6779,2,0.0
6780,0,0.0
6781,2,0.0
6782,2,0.0
6783,1,0.0
6784,2,0.0
6785,4,0.0
6786,2,0.0
6787,2,0.0
6788,0,0.0
6789,0,0.0
6790,5,0.0
6791,0,0.0
6792,0,0.0
6793,0,0.0
6794,0,0.0
6795,1,0.0
6796,4,0.0
6797,5,0.0
6798,3,0.0
6799,4,0.0
6800,3,0.0
6801,3,0.0
6802,4,0.0
6803,5,0.0
6804,3,0.0
6805,4,0.0
6806,1,3.0
6807,4,0.0
6808,0,0.0
6809,4,0.0
6810,4,0.0
6811,5,0.0
6812,4,0.0
6813,0,0.0
6814,1,0.0
6815,4,0.0
6816,4,0.0
6817,3,0.0
6818,2,0.0
6819,2,0.0
6820,3,0.0
6821,2,0.0
6822,5,0.0
6823,2,0.0
6824,3,0.0
6825,3,0.0
6826,3,0.0
6827,2,0.0
6828,3,0.0
6829,4,0.0
6830,4,0.0
6831,2,0.0
6832,4,0.0
6833,1,0.0
6834,1,0.0
6835,3,0.0
6836,1,0.0
6837,3,0.0
6838,0,0.0
6839,1,0.0
6840,0,0.0
6841,2,0.0
6842,2,0.0
6843,2,0.0
6844,1,0.0
6845,2,0.0
6846,5,0.0
6847,4,0.0
6848,5,0.0
6849,0,0.0
6850,0,0.0
6851,5,0.0
6852,1,0.0
6853,3,0.0
6854,1,0.0
6855,1,0.0
6856,2,0.0
6857,3,0.0
6858,5,0.0
6859,4,0.0
6860,2,0.0
6861,5,0.0
6862,5,0.0
6863,5,0.0
6864,5,0.0
6865,1,0.0
6866,1,0.0
6867,2,0.0
6868,1,0.0
6869,0,0.0
6870,5,0.0
6871,0,0.0
6872,5,0.0
6873,5,0.0
6874,4,0.0
6875,5,0.0
6876,5,0.0
6877,5,0.0
6878,3,0.0
6879,4,0.0
6880,1,0.0
6881,3,0.0
6882,5,0.0
6883,4,0.0
6884,3,0.0
6885,4,0.5
6886,3,0.0
6887,3,0.0
6888,3,0.0
6889,5,0.0
6890,3,0.0
6891,0,0.0
6892,1,0.0
6893,5,0.0
6894,0,0.0
6895,0,0.0
6896,5,0.0
6897,5,0.0
6898,2,0.0
6899,2,0.0
6900,0,0.0
6901,5,0.0
6902,4,0.0
6903,1,0.0
6904,5,0.0
6905,5,0.0
6906,3,0.0
6907,5,0.0
6908,3,0.0
6909,3,0.0
6910,3,0.0
6911,4,0.0
6912,2,0.0
6913,2,0.0
6914,0,0.0
6915,3,0.0
6916,5,0.0
6917,0,0.0
6918,4,0.0
6919,5,0.0
6920,5,0.0
6921,5,0.0
6922,5,0.0
6923,3,0.0
6924,5,0.0
6925,5,0.0
6926,5,0.0
6927,0,0.0
6928,1,0.0
6929,2,0.0
6930,3,0.0
6931,3,0.0
6932,1,0.0
6933,5,0.0
6934,1,0.0
6935,1,0.0
6936,1,0.0
6937,1,0.0
6938,0,0.0
6939,3,0.0
6940,4,0.0
6941,3,0.0
6942,3,0.0
6943,4,1.5
6944,5,0.0
6945,3,0.0
6946,0,0.0
6947,0,0.0
6948,2,0.0
6949,3,0.0
6950,3,0.0
6951,3,1.0
6952,4,0.0
6953,2,0.0
6954,4,0.0
6955,0,0.0
6956,0,0.0
6957,0,0.0
6958,0,0.5
6959,0,0.0
6960,0,0.0
6961,1,0.0
6962,0,0.0
6963,1,0.0
6964,3,0.0
6965,1,0.0
6966,0,0.0
6967,0,0.0
6968,5,0.0
6969,5,0.0
6970,3,0.0
6971,2,0.0
6972,0,0.0
6973,1,0.0
6974,3,0.0
6975,3,0.0
6976,4,0.0
6977,0,0.0
6978,3,0.0
6979,0,0.0
6980,0,0.0
6981,0,0.0
6982,5,0.0
6983,3,0.0
6984,1,0.0
6985,5,0.0
6986,5,2.0
6987,5,0.0
6988,5,0.0
6989,5,0.0
6990,3,0.0
6991,0,0.0
6992,5,0.0
6993,2,0.0
6994,5,0.0
6995,5,0.0
6996,2,0.0
6997,2,0.0
6998,5,0.0
6999,1,0.0
7000,5,0.0
7001,0,2.5
7002,2,0.0
7003,1,0.0
7004,2,0.0
7005,5,0.0
7006,5,0.0
7007,5,0.0
7008,5,0.0
7009,3,0.0
7010,5,0.0
7011,1,0.0
7012,0,0.0
7013,2,0.0
7014,3,0.0
7015,2,0.0
7016,4,0.0
7017,2,0.0
7018,5,0.0
7019,1,0.0
7020,5,0.0
7021,5,0.0
7022,5,0.0
7023,5,0.0
7024,5,0.0
7025,2,0.0
7026,1,0.0
7027,5,0.0
7028,5,0.0
7029,5,0.0
7030,5,0.0
7031,5,0.0
7032,2,0.0
7033,1,0.0
7034,0,0.0
7035,5,0.0
7036,5,0.0
7037,0,0.0
7038,4,0.0
7039,5,0.0
7040,5,0.0
7041,1,0.0
7042,5,0.0
7043,5,0.0
7044,2,0.0
7045,5,0.0
7046,5,0.0
7047,5,0.0
7048,5,0.0
7049,5,0.0
7050,0,0.0
7051,1,0.0
7052,0,0.0
7053,1,0.0
7054,3,0.0
7055,5,0.0
7056,3,0.0
7057,5,0.0
7058,2,0.0
7059,5,0.0
7060,0,0.0
7061,5,0.0
7062,0,0.0
7063,0,0.0
7064,1,0.0
7065,0,0.0
7066,4,0.0
7067,1,0.0
7068,1,0.0
7069,1,0.0
7070,2,0.0
7071,1,0.0
7072,1,0.0
7073,1,0.0
7074,1,0.0
7075,1,0.0
7076,1,0.0
7077,1,0.0
7078,1,0.0
7079,1,0.0
7080,1,0.0
7081,1,0.0
7082,1,0.0
7083,2,0.0
7084,1,0.0
7085,1,0.0
7086,3,0.0
7087,1,0.0
7088,0,0.0
7089,3,0.0
7090,0,0.0
7091,5,0.0
7092,2,0.0
7093,4,0.0
7094,4,0.0
7095,2,0.0
7096,1,0.0
7097,1,0.0
7098,1,0.0
7099,1,0.0
7100,5,0.0
7101,1,0.0
7102,1,0.0
7103,3,0.0
7104,1,0.0
7105,1,0.0
7106,3,0.0
7107,1,0.0
7108,4,0.0
7109,4,0.0
7110,3,0.0
7111,5,0.0
7112,2,0.0
7113,1,0.0
7114,3,0.0
7115,1,0.0
7116,1,0.0
7117,3,0.0
7118,2,0.0
7119,2,0.0
7120,2,0.0
7121,5,0.0
7122,2,0.0
7123,1,0.0
7124,2,0.0
7125,2,0.0
7126,4,0.0
7127,2,0.0
7128,2,0.0
7129,2,0.0
7130,2,0.0
7131,0,0.0
7132,4,0.0
7133,4,0.0
7134,4,0.0
7135,4,0.0
7136,1,0.0
7137,0,0.0
7138,5,0.0
7139,2,0.0
7140,1,0.0
7141,2,0.0
7142,1,0.0
7143,2,0.0
7144,2,0.0
7145,1,0.0
7146,2,0.0
7147,1,0.0
7148,1,0.0
7149,2,0.0
7150,5,1.0
7151,3,0.0
7152,3,0.0
7153,3,0.0
7154,3,0.0
7155,4,0.0
7156,3,0.0
7157,1,0.0
7158,3,0.0
7159,2,0.0
7160,3,0.0
7161,3,0.0
7162,3,0.0
7163,3,0.0
7164,3,0.0
7165,0,1.5
7166,3,0.0
7167,3,0.0
7168,2,0.0
7169,4,0.0
7170,0,0.0
7171,3,0.0
7172,1,0.0
7173,4,0.0
7174,1,0.0
7175,4,0.0
7176,4,0.0
7177,4,0.0
7178,4,0.0
7179,1,0.0
7180,4,0.0
7181,3,0.0
7182,1,0.0
7183,2,0.0
7184,3,0.0
7185,3,0.0
7186,3,0.0
7187,4,0.0
7188,4,0.0
7189,3,0.0
7190,4,0.0
7191,3,0.0
7192,0,0.0
7193,4,0.0
7194,4,0.0
7195,3,0.0
7196,5,0.0
7197,5,0.0
7198,5,0.0
7199,2,0.0
7200,3,0.0
7201,3,0.0
7202,3,0.0
7203,2,0.0
7204,1,0.0
7205,3,0.0
7206,3,0.0
7207,0,0.0
7208,3,0.0
7209,3,0.0
7210,3,0.0
7211,2,0.0
7212,5,0.0
7213,3,0.0
7214,3,0.0
7215,1,0.0
7216,0,0.0
7217,0,0.0
7218,2,0.0
7219,0,0.0
7220,0,0.0
7221,0,0.0
7222,2,0.0
7223,3,0.0
7224,0,0.0
7225,4,0.0
7226,2,0.0
7227,5,0.0
7228,0,0.0
7229,0,0.0
7230,1,0.0
7231,1,0.0
7232,1,0.0
7233,1,0.0
7234,2,0.0
7235,0,0.0
7236,0,0.0
7237,1,0.0
7238,1,0.0
7239,1,0.0
7240,1,0.0
7241,2,0.0
7242,4,0.0
7243,2,0.0
7244,0,0.0
7245,0,0.0
7246,1,0.0
7247,0,0.0
7248,0,0.0
7249,3,0.0
7250,1,0.0
7251,3,0.0
7252,0,0.0
7253,5,0.0
7254,0,0.0
7255,4,0.0
7256,1,0.0
7257,3,0.0
7258,4,0.0
7259,2,0.0
7260,1,0.0
7261,0,0.0
7262,5,0.0
7263,5,0.0
7264,5,0.0
7265,1,0.0
7266,1,0.0
7267,4,0.0
7268,4,0.0
7269,0,0.0
7270,5,0.0
7271,5,0.0
7272,3,0.0
7273,4,0.0
7274,0,0.0
7275,0,0.0
7276,0,0.0
7277,4,0.0
7278,5,0.0
7279,5,0.0
7280,0,0.0
7281,5,0.0
7282,0,0.0
7283,1,0.0
7284,1,0.0
7285,0,0.0
7286,3,0.0
7287,0,0.0
7288,5,0.0
7289,1,0.0
7290,0,0.0
7291,3,0.0
7292,5,0.0
7293,5,0.0
7294,5,0.0
7295,5,0.0
7296,3,0.0
7297,5,0.0
7298,1,0.0
7299,2,0.0
7300,1,0.0
7301,1,0.0
7302,1,0.0
7303,1,0.0
7304,5,0.0
7305,1,0.0
7306,1,0.0
7307,2,0.0
7308,3,0.0
7309,3,0.0
7310,3,0.0
7311,3,0.0
7312,3,0.0
7313,5,0.0
7314,1,0.0
7315,3,0.0
7316,3,0.0
7317,3,0.0
7318,1,0.0
7319,3,0.5
7320,2,0.0
7321,0,0.0
7322,3,0.0
7323,1,0.0
7324,3,0.0
7325,2,0.0
7326,3,0.0
7327,3,0.0
7328,1,0.0
7329,3,0.0
7330,3,0.0
7331,4,1.0
7332,5,0.0
7333,3,0.0
7334,3,0.0
7335,0,0.0
7336,0,0.0
7337,3,0.0
7338,3,0.0
7339,1,0.0
7340,2,0.0
7341,1,0.0
7342,4,1.5
7343,3,0.0
7344,2,0.0
7345,3,0.0
7346,2,0.0
7347,3,0.0
7348,3,0.0
7349,3,0.0
7350,2,0.0
7351,2,0.0
7352,5,0.0
7353,5,0.0
7354,1,0.0
7355,0,0.0
7356,5,0.0
7357,5,0.0
7358,5,0.0
7359,5,0.0
7360,4,0.0
7361,4,0.0
7362,4,0.0
7363,2,0.0
7364,3,0.0
7365,4,2.0
7366,4,0.0
7367,4,0.0
7368,2,0.0
7369,2,0.0
7370,2,0.0
7371,1,0.0
7372,4,0.0
7373,2,0.0
7374,2,0.0
7375,2,0.0
7376,2,0.0
7377,3,0.0
7378,2,0.0
7379,2,0.0
7380,2,0.0
7381,2,0.0
7382,2,0.0
7383,0,0.0
7384,3,0.0
7385,3,0.0
7386,3,0.0
7387,3,0.0
7388,3,0.0
7389,3,0.0
7390,2,0.0
7391,3,0.0
7392,3,0.0
7393,1,0.0
7394,2,0.0
7395,4,0.0
7396,2,0.0
7397,2,0.0
7398,2,0.0
7399,2,0.5
7400,0,0.0
7401,2,0.0
7402,2,0.0
7403,2,0.0
7404,1,0.0
7405,2,0.0
7406,5,0.0
7407,2,0.0
7408,5,0.0
7409,1,0.0
7410,4,0.0
7411,5,0.0
7412,4,0.0
7413,5,0.0
7414,3,0.0
7415,4,0.0
7416,1,0.0
7417,5,0.5
7418,5,0.0
7419,1,0.0
7420,1,0.0
7421,1,0.0
7422,2,0.0
7423,2,0.0
7424,5,0.0
7425,3,0.0
7426,2,0.0
7427,4,0.0
7428,4,0.0
7429,0,0.0
7430,5,0.0
7431,0,0.0
7432,4,0.0
7433,2,0.0
7434,5,0.0
7435,2,0.0
7436,4,0.0
7437,2,0.0
7438,2,0.0
7439,2,0.0
7440,2,0.0
7441,4,0.0
7442,5,1.0
7443,2,0.0
7444,1,0.0
7445,2,0.0
7446,1,0.0
7447,1,0.0
7448,1,0.0
7449,2,0.0
7450,2,0.0
7451,5,0.0
7452,2,0.0
7453,3,0.0
7454,2,0.0
7455,2,0.0
7456,4,0.0
7457,2,0.0
7458,1,0.0
7459,3,0.0
7460,1,0.0
7461,5,0.0
7462,1,0.0
7463,1,0.0
7464,5,0.0
7465,2,0.0
7466,0,0.0
7467,0,0.0
7468,2,0.5
7469,2,0.0
7470,3,0.0
7471,1,0.0
7472,2,0.0
7473,4,0.0
7474,4,0.0
7475,2,0.0
7476,0,0.0
7477,2,0.0
7478,2,1.0
7479,2,0.0
7480,3,0.0
7481,0,0.0
7482,3,0.0
7483,1,0.0
7484,3,0.0
7485,4,0.0
7486,1,0.0
7487,4,0.0
7488,5,0.0
7489,5,0.0
7490,4,0.0
7491,5,0.0
7492,2,0.0
7493,5,0.0
7494,5,0.0
7495,3,0.0
7496,0,0.0
7497,0,0.0
7498,5,0.0
7499,4,0.0
7500,3,0.0
7501,4,0.0
7502,4,0.0
7503,4,0.0
7504,3,0.0
7505,4,0.0
7506,4,0.0
7507,4,0.0
7508,4,0.0
7509,1,0.0
7510,0,0.0
7511,4,0.0
7512,4,0.0
7513,4,0.0
7514,3,0.0
7515,4,0.0
7516,0,0.0
7517,1,0.0
7518,3,0.0
7519,4,0.0
7520,2,0.0
7521,5,0.0
7522,3,0.0
7523,0,0.0
7524,1,0.0
7525,0,0.0
7526,0,0.0
7527,0,0.0
7528,2,0.0
7529,2,0.0
7530,3,0.0
7531,3,0.0
7532,3,0.0
7533,5,0.0
7534,3,0.0
7535,3,0.0
7536,4,0.0
7537,3,0.0
7538,1,0.0
7539,1,0.0
7540,0,0.0
7541,1,0.0
7542,1,0.0
7543,2,0.0
7544,1,0.0
7545,2,0.0
7546,3,0.0
7547,2,0.0
7548,0,0.0
7549,4,0.0
7550,4,0.0
7551,2,0.0
7552,4,0.0
7553,4,0.0
7554,4,0.0
7555,4,0.0
7556,4,0.0
7557,2,0.5
7558,3,0.0
7559,4,0.0
7560,4,0.0
7561,4,0.0
7562,2,0.0
7563,0,0.0
7564,4,0.0
7565,3,0.0
7566,0,1.0
7567,4,0.0
7568,5,0.0
7569,2,0.0
7570,3,0.0
7571,5,0.0
7572,0,0.0
7573,1,0.0
7574,1,0.0
7575,4,0.0
7576,1,1.5
7577,1,0.0
7578,4,0.0
7579,0,0.0
7580,2,0.0
7581,4,0.0
7582,4,0.0
7583,4,0.0
7584,4,0.0
7585,5,0.0
7586,4,0.0
7587,4,0.0
7588,4,0.0
7589,4,0.0
7590,4,0.0
7591,3,0.0
7592,1,0.0
7593,4,0.0
7594,3,0.0
7595,1,0.0
7596,0,0.0
7597,0,0.0
7598,1,0.0
7599,1,0.0
7600,1,0.0
7601,1,0.0
7602,1,0.0
7603,3,0.0
7604,1,0.0
7605,1,0.0
7606,1,0.0
7607,1,0.0
7608,5,0.0
7609,4,0.0
7610,4,0.0
7611,4,0.0
7612,4,0.0
7613,0,0.0
7614,2,0.0
7615,4,0.0
7616,4,0.0
7617,3,0.0
7618,1,0.0
7619,1,0.0
7620,1,0.0
7621,1,0.0
7622,4,0.0
7623,5,0.0
7624,1,0.0
7625,1,0.0
7626,4,0.0
7627,2,0.0
7628,2,0.0
7629,4,2.5
7630,2,0.0
7631,2,0.0
7632,2,0.0
7633,5,0.0
7634,5,0.0
7635,5,0.0
7636,4,0.0
7637,3,0.0
7638,3,0.0
7639,5,0.0
7640,3,1.0
7641,4,0.0
7642,3,0.0
7643,3,0.0
7644,2,0.0
7645,4,0.0
7646,5,0.0
7647,3,0.0
7648,0,0.0
7649,4,0.0
7650,3,0.0
7651,4,0.0
7652,2,0.0
7653,4,0.0
7654,4,0.0
7655,1,0.0
7656,5,0.0
7657,3,0.0
7658,1,0.0
7659,4,0.0
7660,4,0.0
7661,4,0.0
7662,1,0.0
7663,2,0.0
7664,3,0.0
7665,0,0.0
7666,4,0.0
7667,1,0.0
7668,5,0.0
7669,3,0.0
7670,1,0.0
7671,3,0.0
7672,3,0.0
7673,0,0.0
7674,2,0.0
7675,3,0.0
7676,3,0.0
7677,5,0.0
7678,3,0.0
7679,2,0.0
7680,5,0.0
7681,2,0.0
7682,3,0.0
7683,3,0.0
7684,3,0.0
7685,3,0.0
7686,3,0.0
7687,2,0.0
7688,3,0.0
7689,3,0.0
7690,0,0.0
7691,4,0.0
7692,4,0.0
7693,0,0.0
7694,5,0.0
7695,3,0.0
7696,3,0.0
7697,3,0.0
7698,4,0.0
7699,3,0.0
7700,3,0.0
7701,3,0.0
7702,3,0.0
7703,3,0.0
7704,2,0.0
7705,3,0.0
7706,0,0.0
7707,5,0.0
7708,3,1.5
7709,5,0.0
7710,1,0.0
7711,4,0.0
7712,3,0.0
7713,2,0.0
7714,3,0.0
7715,3,0.0
7716,0,0.0
7717,1,0.0
7718,1,0.0
7719,5,0.0
7720,2,0.0
7721,4,0.0
7722,4,0.0
7723,0,0.0
7724,3,0.0
7725,0,0.0
7726,1,0.0
7727,4,0.0
7728,3,0.0
7729,3,0.0
7730,3,0.0
7731,3,0.0
7732,3,0.0
7733,3,0.0
7734,5,0.0
7735,1,0.0
7736,2,0.0
7737,4,0.0
7738,1,0.0
7739,5,0.0
7740,4,0.0
7741,5,0.0
7742,2,0.0
7743,0,0.0
7744,2,0.0
7745,4,0.0
7746,5,0.0
7747,1,0.0
7748,5,0.0
7749,0,3.0
7750,4,0.0
7751,3,0.0
7752,2,0.0
7753,0,0.0
7754,5,0.0
7755,5,0.0
7756,3,0.0
7757,2,0.0
7758,2,0.0
7759,2,0.0
7760,5,0.0
7761,5,0.0
7762,3,0.0
7763,2,0.0
7764,0,0.0
7765,5,0.0
7766,1,0.0
7767,0,0.0
7768,0,0.0
7769,5,0.0
7770,1,0.0
7771,3,0.0
7772,3,0.0
7773,2,0.0
7774,1,0.0
7775,4,0.0
7776,4,0.0
7777,5,0.0
7778,2,0.0
7779,5,0.0
7780,5,0.0
7781,5,0.0
7782,5,0.0
7783,5,0.0
7784,4,0.0
7785,4,0.0
7786,5,0.0
7787,4,0.0
7788,3,0.0
7789,0,0.0
7790,0,0.0
7791,1,0.0
7792,5,0.0
7793,3,0.0
7794,5,0.0
7795,3,0.0
7796,3,0.0
7797,3,0.0
7798,3,0.0
7799,0,0.0
7800,1,0.0
7801,4,0.0
7802,5,0.0
7803,5,0.0
7804,3,0.0
7805,4,0.0
7806,4,0.0
7807,0,0.0
7808,2,0.0
7809,5,0.0
7810,5,0.0
7811,1,0.0
7812,5,0.0
7813,5,0.0
7814,1,0.0
7815,5,0.0
7816,0,0.0
7817,0,0.0
7818,5,0.0
7819,2,0.0
7820,5,0.0
7821,5,0.0
7822,3,0.0
7823,1,0.0
7824,4,0.0
7825,3,0.0
7826,4,0.0
7827,4,0.0
7828,4,0.0
7829,1,0.0
7830,1,0.0
7831,5,0.0
7832,1,0.0
7833,5,0.0
7834,0,0.0
7835,5,0.0
7836,5,0.0
7837,5,0.0
7838,2,0.0
7839,1,0.0
7840,5,0.0
7841,0,0.0
7842,5,0.0
7843,4,0.0
7844,1,0.0
7845,4,0.0
7846,0,0.0
7847,2,0.0
7848,3,0.0
7849,2,0.0
7850,2,0.0
7851,4,0.0
7852,4,0.0
7853,4,0.0
7854,4,0.0
7855,4,0.0
7856,1,0.0
7857,2,0.0
7858,0,0.0
7859,1,0.0
7860,1,0.0
7861,1,0.0
7862,2,0.0
7863,4,0.0
7864,1,0.0
7865,4,0.0
7866,0,0.0
7867,2,0.0
7868,1,0.0
7869,3,0.0
7870,2,0.0
7871,5,0.0
7872,4,0.0
7873,0,0.0
7874,2,0.0
7875,2,0.0
7876,0,0.0
7877,4,0.0
7878,1,0.0
7879,5,1.5
7880,0,0.0
7881,2,0.0
7882,5,0.0
7883,5,0.0
7884,2,0.0
7885,5,0.0
7886,2,0.0
7887,1,0.0
7888,5,0.0
7889,5,0.0
7890,2,0.0
7891,2,0.0
7892,2,0.0
7893,4,0.0
7894,0,0.0
7895,5,0.0
7896,5,0.0
7897,5,0.0
7898,5,0.0
7899,5,0.0
7900,5,0.0
7901,5,0.0
7902,5,0.0
7903,4,0.0
7904,5,0.0
7905,4,0.0
7906,3,0.0
7907,5,0.0
7908,5,0.0
7909,1,0.0
7910,5,0.0
7911,5,0.0
7912,5,0.0
7913,5,0.0
7914,2,0.0
7915,0,0.0
7916,5,0.0
7917,2,0.0
7918,5,0.0
7919,5,0.0
7920,5,0.0
7921,5,0.0
7922,2,0.0
7923,5,0.0
7924,5,0.0
7925,5,0.0
7926,5,0.0
7927,5,0.0
7928,0,0.0
7929,3,0.0
7930,5,2.0
7931,1,0.0
7932,4,0.0
7933,1,0.0
7934,4,0.0
7935,3,0.0
7936,4,0.0
7937,4,0.0
7938,4,0.0
7939,4,0.0
7940,4,0.0
7941,5,2.5
7942,5,0.0
7943,1,0.0
7944,5,0.0
7945,0,0.0
7946,5,0.0
7947,2,0.0
7948,4,0.0
7949,5,0.0
7950,4,0.0
7951,4,0.0
7952,5,0.0
7953,1,0.0
7954,1,0.0
7955,0,0.0
7956,0,0.0
7957,2,0.0
7958,1,0.0
7959,5,0.0
7960,1,0.0
7961,4,0.0
7962,3,0.0
7963,1,0.0
7964,5,0.0
7965,3,0.0
7966,3,0.0
7967,3,0.0
7968,4,0.0
7969,3,0.0
7970,2,0.0
7971,3,0.0
7972,2,0.0
7973,3,0.0
7974,3,0.0
7975,2,0.0
7976,1,0.0
7977,3,0.0
7978,3,0.0
7979,1,0.0
7980,2,0.0
7981,2,0.0
7982,2,0.0
7983,2,0.0
7984,4,0.0
7985,2,0.0
7986,2,0.0
7987,0,0.0
7988,3,0.0
7989,2,0.0
7990,2,0.0
7991,2,0.0
7992,5,0.0
7993,5,0.0
7994,0,0.0
7995,4,0.0
7996,0,0.0
7997,2,0.0
7998,3,0.0
7999,2,0.0
8000,0,0.0
8001,0,0.0
8002,4,0.0
8003,3,0.0
8004,4,0.0
8005,5,0.0
8006,2,0.0
8007,2,0.0
8008,2,0.0
8009,1,0.0
8010,2,0.0
8011,1,0.0
8012,2,0.0
8013,0,0.0
8014,5,0.0
8015,0,0.0
8016,2,0.0
8017,2,0.0
8018,2,0.0
8019,2,0.0
8020,5,0.0
8021,2,0.0
8022,4,0.0
8023,2,0.0
8024,2,0.0
8025,4,0.0
8026,2,0.0
8027,2,0.0
8028,2,0.0
8029,0,0.0
8030,5,0.0
8031,5,0.0
8032,5,0.0
8033,0,0.0
8034,5,0.0
8035,4,0.0
8036,0,0.0
8037,5,0.0
8038,5,0.0
8039,1,0.0
8040,2,0.0
8041,1,0.0
8042,0,0.0
8043,4,0.0
8044,5,0.0
8045,0,0.0
8046,0,0.0
8047,5,0.0
8048,5,0.0
8049,5,0.0
8050,5,0.0
8051,5,0.0
8052,5,0.0
8053,3,0.0
8054,5,0.0
8055,0,0.0
8056,4,0.0
8057,4,0.0
8058,2,0.0
8059,3,0.0
8060,1,0.0
8061,3,0.0
8062,2,0.0
8063,0,0.0
8064,5,0.0
8065,3,0.0
8066,0,0.0
8067,0,0.0
8068,5,0.0
8069,2,0.0
8070,0,0.0
8071,0,0.0
8072,0,0.0
8073,0,0.0
8074,1,0.0
8075,0,0.0
8076,0,0.0
8077,0,0.0
8078,3,0.0
8079,0,0.0
8080,4,0.0
8081,3,0.0
8082,4,0.0
8083,5,0.0
8084,2,0.0
8085,2,0.0
8086,2,0.0
8087,0,0.0
8088,0,0.0
8089,2,0.0
8090,0,0.0
8091,5,0.0
8092,2,0.0
8093,1,0.0
8094,1,0.0
8095,1,0.0
8096,2,0.0
8097,4,0.0
8098,0,0.0
8099,4,0.0
8100,4,0.0
8101,1,0.0
8102,0,0.0
8103,2,0.0
8104,0,0.0
8105,2,0.0
8106,5,0.5
8107,2,0.0
8108,5,0.0
8109,0,0.0
8110,2,0.0
8111,5,0.0
8112,1,0.0
8113,4,0.0
8114,2,0.0
8115,0,1.0
8116,0,0.0
8117,3,0.0
8118,5,0.0
8119,1,0.0
8120,2,0.0
8121,0,0.0
8122,4,0.0
8123,0,0.0
8124,3,0.0
8125,3,0.0
8126,3,0.0
8127,5,0.0
8128,0,0.0
8129,0,0.0
8130,0,0.0
8131,2,0.0
8132,0,0.0
8133,0,0.0
8134,0,0.0
8135,0,0.0
8136,0,0.0
8137,4,0.0
8138,0,0.0
8139,1,0.0
8140,1,0.0
8141,4,0.0
8142,3,0.0
8143,0,0.0
8144,0,0.0
8145,0,0.0
8146,4,0.0
8147,4,0.0
8148,5,0.0
8149,5,0.0
8150,4,0.0
8151,1,0.0
8152,1,0.0
8153,5,0.0
8154,0,0.0
8155,5,0.0
8156,5,0.0
8157,2,0.0
8158,3,0.0
8159,5,0.0
8160,0,0.0
8161,4,0.0
8162,5,0.0
8163,0,0.0
8164,4,0.0
8165,0,0.0
8166,0,0.0
8167,5,0.0
8168,4,0.0
8169,0,0.0
8170,2,0.0
8171,4,0.0
8172,0,0.0
8173,2,0.0
8174,5,0.0
8175,0,0.0
8176,0,0.0
8177,0,0.0
8178,4,0.0
8179,0,0.0
8180,0,0.0
8181,1,0.0
8182,3,0.0
8183,4,0.0
8184,3,0.0
8185,0,0.0
8186,3,0.0
8187,1,0.0
8188,3,0.0
8189,4,0.0
8190,3,0.0
8191,2,0.0
8192,3,0.0
8193,2,0.0
8194,2,0.0
8195,2,0.0
8196,2,0.0
8197,1,0.0
8198,1,0.0
8199,1,0.0
8200,1,0.0
8201,1,0.0
8202,1,0.0
8203,1,0.0
8204,1,0.0
8205,1,0.0
8206,1,0.0
8207,3,0.0
8208,3,0.0
8209,0,0.0
8210,4,0.0
8211,0,0.0
8212,4,0.0
8213,1,0.0
8214,1,0.0
8215,2,0.0
8216,3,0.0
8217,3,0.0
8218,4,0.0
8219,4,0.0
8220,1,0.0
8221,1,0.0
8222,5,0.0
8223,5,0.0
8224,0,0.0
8225,0,0.0
8226,0,0.0
8227,3,0.0
8228,3,0.0
8229,3,0.0
8230,4,0.0
8231,5,0.0
8232,0,0.0
8233,1,0.0
8234,2,0.0
8235,4,0.0
8236,4,0.5
8237,3,0.0
8238,0,0.0
8239,2,0.0
8240,0,0.0
8241,0,0.0
8242,4,0.0
8243,0,0.0
8244,2,0.0
8245,0,0.0
8246,0,0.0
8247,3,0.0
8248,5,0.0
8249,4,0.0
8250,4,0.0
8251,0,0.0
8252,0,0.0
8253,3,0.0
