0,4,6.356756756756758
1,1,-0.3999999999999986
2,4,-0.3999999999999986
3,1,-0.3999999999999986
4,4,-0.3999999999999986
5,0,-0.3999999999999986
6,2,-0.399999999999999
7,3,-0.40000000000000036
8,1,-0.40000000000000036
9,3,-0.40000000000000036
10,4,-0.40000000000000036
11,4,-0.40000000000000036
12,2,-0.40000000000000036
13,2,2.97837837837838
14,0,-0.3999999999999986
15,1,-0.3999999999999999
16,2,-0.40000000000000036
17,3,-0.40000000000000036
18,1,-0.40000000000000036
19,1,-0.40000000000000036
20,4,-0.40000000000000036
21,4,-0.40000000000000036
22,2,-0.40000000000000024
23,4,-0.3999999999999999
24,4,-0.3999999999999999
25,0,-0.4
26,2,-0.39999999999999997
27,1,-0.4
28,0,-0.40000000000000036
29,3,-0.40000000000000036
30,2,-0.40000000000000013
31,2,-0.40000000000000036
32,3,-0.40000000000000036
33,4,-0.40000000000000036
34,4,-0.40000000000000036
35,3,-0.39999999999999947
36,3,-0.3999999999999986
37,2,-0.3999999999999986
38,4,-0.3999999999999986
39,4,-0.3999999999999986
40,0,-0.3999999999999986
41,2,2.9783783783783795
42,3,-0.40000000000000036
43,2,-0.40000000000000036
44,3,-0.3999999999999986
45,2,-0.3999999999999986
46,2,-0.3999999999999986
47,2,-0.3999999999999986
48,3,-0.3999999999999986
49,3,-0.3999999999999986
50,1,-0.3999999999999986
51,1,-0.3999999999999986
52,2,-0.3999999999999986
53,0,-0.39999999999999947
54,1,-0.3999999999999986
55,4,-0.3999999999999986
56,4,-0.3999999999999986
57,0,-0.3999999999999986
58,4,-0.3999999999999986
59,4,-0.3999999999999986
60,0,-0.3999999999999986
61,0,-0.3999999999999986
62,3,-0.3999999999999986
63,1,-0.3999999999999986
64,2,-0.3999999999999986
65,2,-0.3999999999999986
66,1,-0.3999999999999986
67,0,-0.3999999999999986
68,0,-0.3999999999999986
69,2,2.9783783783783804
70,2,-0.3999999999999986
71,4,-0.3999999999999986
72,4,-0.3999999999999986
73,3,-0.3999999999999986
74,3,-0.3999999999999986
75,1,-0.3999999999999986
76,2,-0.3999999999999986
77,0,-0.3999999999999986
78,3,-0.3999999999999986
79,0,-0.3999999999999986
80,4,-0.3999999999999986
81,1,-0.3999999999999986
82,3,-0.4000000000000039
83,1,-0.4000000000000057
84,3,-0.4000000000000057
85,1,-0.4000000000000057
86,4,-0.4000000000000057
87,1,-0.4000000000000057
88,1,-0.4000000000000057
89,0,-0.4000000000000057
90,0,-0.4000000000000057
91,2,-0.4000000000000057
92,1,-0.4000000000000057
93,1,-0.4000000000000057
94,2,-0.4000000000000057
95,3,-0.4000000000000057
96,1,-0.4000000000000057
97,0,-0.4000000000000057
98,3,-0.4000000000000057
99,2,-0.4000000000000057
100,0,2.9783783783783733
101,3,-0.4000000000000057
102,0,-0.4000000000000057
103,2,-0.4000000000000057
104,2,-0.4000000000000057
105,2,-0.4000000000000057
106,4,-0.4000000000000057
107,3,-0.4000000000000057
108,0,-0.4000000000000057
109,3,-0.4000000000000057
110,4,-0.4000000000000057
111,3,-0.4000000000000057
112,2,-0.4000000000000057
113,1,-0.4000000000000057
114,1,-0.4000000000000057
115,3,2.9783783783783733
116,4,-0.4000000000000057
117,3,-0.4000000000000057
118,0,-0.4000000000000057
119,3,-0.4000000000000057
120,3,-0.4000000000000057
121,4,-0.4000000000000057
122,3,-0.4000000000000057
123,0,-0.4000000000000057
124,2,-0.4000000000000057
125,4,-0.4000000000000057
126,1,-0.4000000000000057
127,0,2.9783783783783733
128,4,-0.4000000000000057
129,2,-0.4000000000000057
130,1,-0.4000000000000057
131,3,-0.4000000000000057
132,0,-0.4000000000000057
133,3,-0.4000000000000057
134,1,-0.4000000000000057
135,3,-0.4000000000000057
136,1,-0.4000000000000057
137,4,-0.4000000000000057
138,4,-0.4000000000000057
139,1,-0.4000000000000057
140,0,-0.4000000000000057
141,0,-0.4000000000000057
142,4,-0.4000000000000057
143,3,-0.4000000000000057
144,4,-0.4000000000000057
145,1,-0.4000000000000057
146,2,-0.4000000000000057
147,1,-0.4000000000000057
148,4,-0.4000000000000057
149,1,-0.4000000000000057
150,1,-0.4000000000000057
151,4,-0.4000000000000057
152,0,-0.4000000000000057
153,4,-0.4000000000000057
154,2,-0.4000000000000057
155,3,-0.4000000000000057
156,2,-0.4000000000000057
157,3,-0.4000000000000057
158,0,-0.4000000000000057
159,1,-0.4000000000000057
160,2,-0.4000000000000057
161,4,-0.4000000000000057
162,0,-0.4000000000000057
163,2,-0.4000000000000057
164,3,-0.4000000000000057
165,2,-0.4000000000000057
166,4,-0.4000000000000057
167,0,-0.4000000000000057
168,1,-0.4000000000000057
169,3,2.9783783783783733
170,3,-0.4000000000000057
171,3,-0.4000000000000057
172,3,-0.4000000000000057
173,3,-0.4000000000000057
174,1,-0.4000000000000057
175,4,-0.4000000000000057
176,2,-0.4000000000000057
177,4,-0.4000000000000057
178,1,-0.4000000000000057
179,1,-0.4000000000000057
180,1,-0.4000000000000057
181,3,-0.4000000000000057
182,4,-0.4000000000000057
183,1,-0.4000000000000057
184,1,-0.4000000000000057
185,3,-0.4000000000000057
186,2,-0.4000000000000057
187,0,-0.4000000000000057
188,0,-0.4000000000000057
189,2,2.9783783783783733
190,0,-0.4000000000000057
191,2,-0.4000000000000057
192,2,-0.4000000000000057
193,3,-0.4000000000000057
194,1,-0.4000000000000057
195,1,-0.4000000000000057
196,0,-0.4000000000000057
197,1,-0.4000000000000057
198,4,-0.4000000000000057
199,2,-0.4000000000000057
200,4,-0.4000000000000057
201,3,-0.4000000000000057
202,4,-0.4000000000000057
203,1,-0.4000000000000057
204,3,-0.4000000000000057
205,4,-0.4000000000000057
206,1,-0.4000000000000057
207,2,-0.4000000000000057
208,1,-0.4000000000000057
209,3,-0.4000000000000057
210,0,-0.4000000000000057
211,3,-0.4000000000000057
212,4,-0.4000000000000057
213,2,-0.4000000000000057
214,2,-0.4000000000000057
215,2,-0.4000000000000057
216,0,-0.4000000000000057
217,2,-0.4000000000000057
218,0,-0.4000000000000057
219,1,-0.4000000000000057
220,1,-0.4000000000000057
221,2,-0.4000000000000057
222,2,-0.4000000000000057
223,0,-0.4000000000000057
224,4,-0.4000000000000057
225,3,-0.4000000000000057
226,1,2.9783783783783733
227,0,-0.4000000000000057
228,2,-0.4000000000000057
229,0,-0.4000000000000057
230,1,-0.4000000000000057
231,4,-0.4000000000000057
232,0,-0.4000000000000057
233,1,-0.4000000000000057
234,1,-0.4000000000000057
235,1,-0.4000000000000057
236,3,-0.4000000000000057
237,0,-0.4000000000000057
238,2,-0.4000000000000057
239,2,-0.4000000000000057
240,4,-0.4000000000000057
241,3,-0.4000000000000057
242,1,-0.4000000000000057
243,0,-0.4000000000000057
244,1,-0.4000000000000057
245,1,-0.4000000000000057
246,1,-0.4000000000000057
247,2,-0.4000000000000057
248,2,-0.4000000000000057
249,1,-0.4000000000000057
250,1,6.496551724137932
251,2,-0.3999999999999986
252,1,-0.3999999999999986
253,3,-0.3999999999999986
254,3,-0.3999999999999986
255,1,-0.3999999999999986
256,4,-0.3999999999999986
257,4,-0.40000000000000036
258,3,3.048275862068966
259,4,-0.3999999999999986
260,1,-0.3999999999999986
261,1,-0.3999999999999986
262,3,-0.3999999999999986
263,3,-0.3999999999999986
264,2,-0.3999999999999986
265,2,-0.399999999999999
266,3,-0.40000000000000036
267,1,-0.40000000000000036
268,3,-0.40000000000000036
269,2,-0.40000000000000036
270,4,-0.40000000000000036
271,4,-0.40000000000000036
272,4,-0.40000000000000036
273,3,-0.4
274,2,-0.3999999999999999
275,0,-0.4
276,4,-0.4
277,2,-0.3999999999999999
278,3,-0.40000000000000024
279,0,3.0482758620689645
280,4,-0.40000000000000036
281,4,-0.40000000000000024
282,3,-0.3999999999999999
283,2,-0.3999999999999999
284,4,-0.4
285,4,-0.4
286,4,-0.4
287,3,-0.40000000000000036
288,2,-0.40000000000000036
289,2,-0.40000000000000013
290,1,-0.40000000000000036
291,3,-0.40000000000000036
292,3,3.048275862068965
293,3,-0.4
294,3,-0.3999999999999999
295,4,-0.40000000000000013
296,2,-0.40000000000000036
297,1,-0.40000000000000036
298,4,3.048275862068965
299,2,-0.3999999999999999
300,1,-0.3999999999999999
301,0,-0.4
302,3,-0.4
303,3,-0.3999999999999999
304,4,-0.40000000000000036
305,2,-0.40000000000000036
306,3,-0.40000000000000013
307,2,-0.40000000000000036
308,1,-0.40000000000000036
309,0,-0.40000000000000036
310,0,-0.40000000000000036
311,1,-0.39999999999999947
312,1,-0.3999999999999986
313,4,3.0482758620689654
314,3,-0.40000000000000036
315,3,-0.40000000000000036
316,3,-0.40000000000000036
317,1,-0.40000000000000036
318,4,-0.40000000000000036
319,3,-0.40000000000000036
320,3,-0.399999999999999
321,2,-0.3999999999999986
322,4,-0.3999999999999986
323,3,-0.3999999999999986
324,3,-0.3999999999999986
325,0,-0.3999999999999986
326,2,-0.3999999999999986
327,3,3.0482758620689654
328,4,-0.3999999999999999
329,1,-0.3999999999999986
330,4,-0.3999999999999986
331,3,-0.3999999999999986
332,4,-0.3999999999999986
333,4,-0.3999999999999986
334,2,-0.3999999999999986
335,4,-0.3999999999999986
336,0,-0.3999999999999986
337,0,-0.3999999999999986
338,1,-0.39999999999999947
339,1,-0.3999999999999986
340,0,-0.3999999999999986
341,2,-0.3999999999999986
342,4,-0.3999999999999986
343,4,-0.3999999999999986
344,3,3.0482758620689667
345,4,-0.3999999999999986
346,3,-0.3999999999999986
347,2,-0.39999999999999947
348,4,-0.3999999999999986
349,2,-0.3999999999999986
350,0,-0.3999999999999986
351,1,-0.3999999999999986
352,3,-0.3999999999999986
353,3,-0.3999999999999986
354,3,-0.3999999999999986
355,1,3.0482758620689667
356,3,-0.39999999999999947
357,3,-0.3999999999999986
358,2,-0.3999999999999986
359,0,-0.3999999999999986
360,4,-0.3999999999999986
361,4,-0.3999999999999986
362,2,-0.3999999999999986
363,2,-0.3999999999999986
364,0,-0.3999999999999986
365,4,-0.3999999999999986
366,3,-0.3999999999999986
367,3,-0.3999999999999986
368,1,-0.3999999999999986
369,2,-0.3999999999999986
370,3,-0.3999999999999986
371,0,-0.3999999999999986
372,1,-0.3999999999999986
373,2,3.048275862068966
374,1,-0.3999999999999986
375,2,-0.3999999999999986
376,3,-0.3999999999999986
377,3,-0.3999999999999986
378,1,-0.3999999999999986
379,4,-0.3999999999999986
380,0,-0.3999999999999986
381,1,-0.3999999999999986
382,3,-0.3999999999999986
383,3,-0.3999999999999986
384,4,3.048275862068966
385,3,-0.3999999999999986
386,0,-0.3999999999999986
387,2,-0.3999999999999986
388,2,-0.3999999999999986
389,2,-0.3999999999999986
390,4,-0.3999999999999986
391,4,-0.3999999999999986
392,2,-0.3999999999999986
393,4,-0.40000000000000213
394,4,-0.4000000000000057
395,3,-0.4000000000000057
396,2,-0.4000000000000057
397,4,-0.4000000000000057
398,2,-0.4000000000000057
399,2,-0.4000000000000057
400,1,3.0482758620689623
401,1,-0.3999999999999986
402,3,-0.4000000000000057
403,2,-0.4000000000000057
404,1,-0.4000000000000057
405,0,-0.4000000000000057
406,3,-0.4000000000000057
407,1,-0.4000000000000057
408,1,-0.4000000000000057
409,2,-0.4000000000000057
410,4,-0.4000000000000057
411,2,-0.4000000000000057
412,3,-0.4000000000000057
413,2,3.0482758620689587
414,3,-0.4000000000000057
415,0,-0.4000000000000057
416,4,-0.4000000000000057
417,4,-0.4000000000000057
418,3,-0.4000000000000057
419,1,-0.4000000000000057
420,3,-0.4000000000000057
421,4,-0.4000000000000057
422,2,-0.4000000000000057
423,4,-0.4000000000000057
424,2,-0.4000000000000057
425,4,-0.4000000000000057
426,3,-0.4000000000000057
427,3,-0.4000000000000057
428,1,-0.4000000000000057
429,0,-0.4000000000000057
430,1,-0.4000000000000057
431,3,3.0482758620689587
432,3,-0.4000000000000057
433,1,-0.4000000000000057
434,2,-0.4000000000000057
435,2,-0.4000000000000057
436,2,-0.4000000000000057
437,3,-0.4000000000000057
438,3,3.0482758620689587
439,2,-0.4000000000000057
440,3,-0.4000000000000057
441,2,-0.4000000000000057
442,3,-0.4000000000000057
443,4,-0.4000000000000057
444,4,-0.4000000000000057
445,4,-0.4000000000000057
446,3,-0.4000000000000057
447,2,-0.4000000000000057
448,1,-0.4000000000000057
449,1,-0.4000000000000057
450,3,-0.4000000000000057
451,2,-0.4000000000000057
452,1,-0.4000000000000057
453,4,-0.4000000000000057
454,3,3.0482758620689587
455,0,-0.4000000000000057
456,2,-0.4000000000000057
457,2,-0.4000000000000057
458,1,-0.4000000000000057
459,4,-0.4000000000000057
460,2,-0.4000000000000057
461,3,-0.4000000000000057
462,0,-0.4000000000000057
463,2,-0.4000000000000057
464,2,-0.4000000000000057
465,2,-0.4000000000000057
466,4,-0.4000000000000057
467,2,-0.4000000000000057
468,3,-0.4000000000000057
469,2,3.0482758620689587
470,1,-0.4000000000000057
471,1,-0.4000000000000057
472,3,-0.4000000000000057
473,1,-0.4000000000000057
474,0,-0.4000000000000057
475,0,-0.4000000000000057
476,0,3.0482758620689587
477,3,-0.4000000000000057
478,1,-0.4000000000000057
479,0,-0.4000000000000057
480,4,-0.4000000000000057
481,0,-0.4000000000000057
482,2,-0.4000000000000057
483,2,-0.4000000000000057
484,3,-0.4000000000000057
485,3,-0.4000000000000057
486,4,-0.4000000000000057
487,4,-0.4000000000000057
488,2,-0.4000000000000057
489,0,-0.4000000000000057
490,2,3.0482758620689587
491,1,-0.4000000000000057
492,4,-0.4000000000000057
493,0,-0.4000000000000057
494,3,-0.4000000000000057
495,4,-0.4000000000000057
496,2,-0.4000000000000057
497,3,-0.4000000000000057
498,3,-0.4000000000000057
499,3,-0.4000000000000057
500,4,7.090636704119851
501,1,-0.3999999999999986
502,3,-0.3999999999999986
503,2,-0.3999999999999986
504,3,-0.3999999999999986
505,3,-0.3999999999999986
506,3,-0.3999999999999986
507,2,3.345318352059926
508,3,-0.3999999999999986
509,1,-0.3999999999999986
510,4,-0.3999999999999986
511,0,-0.3999999999999986
512,2,-0.3999999999999986
513,0,-0.3999999999999986
514,4,-0.3999999999999986
515,4,-0.3999999999999986
516,4,-0.3999999999999986
517,3,-0.3999999999999986
518,4,-0.40000000000000036
519,2,-0.40000000000000036
520,3,-0.40000000000000036
521,4,-0.40000000000000036
522,2,-0.40000000000000036
523,4,-0.40000000000000036
524,2,-0.40000000000000036
525,3,-0.40000000000000013
526,3,-0.3999999999999999
527,3,-0.4
528,3,3.3453183520599246
529,1,-0.40000000000000036
530,3,-0.40000000000000036
531,3,-0.40000000000000036
532,3,-0.40000000000000036
533,0,-0.40000000000000036
534,3,-0.40000000000000024
535,1,-0.3999999999999999
536,3,-0.3999999999999999
537,2,3.345318352059925
538,1,-0.40000000000000036
539,4,-0.40000000000000036
540,3,-0.40000000000000036
541,1,-0.40000000000000036
542,1,-0.40000000000000036
543,4,-0.40000000000000036
544,2,-0.4
545,2,-0.3999999999999999
546,4,-0.4
547,1,-0.4
548,4,-0.3999999999999999
549,2,-0.40000000000000024
550,1,-0.40000000000000036
551,2,-0.40000000000000013
552,3,-0.40000000000000036
553,1,-0.40000000000000036
554,3,-0.40000000000000036
555,2,-0.40000000000000036
556,1,3.3453183520599246
557,3,-0.3999999999999999
558,3,-0.40000000000000013
559,3,-0.40000000000000036
560,3,-0.40000000000000036
561,2,-0.40000000000000036
562,1,-0.40000000000000036
563,3,-0.40000000000000036
564,3,-0.40000000000000036
565,3,-0.40000000000000036
566,3,-0.3999999999999986
567,3,-0.3999999999999986
568,1,3.3453183520599254
569,4,-0.40000000000000036
570,3,-0.40000000000000036
571,4,-0.40000000000000036
572,4,-0.40000000000000036
573,1,-0.40000000000000036
574,1,-0.40000000000000036
575,3,-0.3999999999999999
576,3,-0.3999999999999986
577,4,-0.3999999999999986
578,4,-0.3999999999999986
579,3,-0.3999999999999986
580,0,-0.3999999999999986
581,3,-0.3999999999999986
582,3,-0.3999999999999986
583,3,-0.3999999999999986
584,0,-0.3999999999999986
585,3,-0.3999999999999986
586,0,-0.3999999999999986
587,4,3.345318352059927
588,3,-0.3999999999999986
589,4,-0.3999999999999986
590,3,-0.3999999999999986
591,2,-0.3999999999999986
592,4,-0.3999999999999986
593,2,-0.3999999999999986
594,2,-0.3999999999999986
595,3,-0.3999999999999986
596,2,-0.3999999999999986
597,3,-0.3999999999999986
598,3,-0.3999999999999986
599,4,-0.3999999999999986
600,2,-0.3999999999999986
601,3,-0.3999999999999986
602,0,-0.3999999999999986
603,3,-0.3999999999999986
604,3,-0.3999999999999986
605,3,3.345318352059927
606,1,-0.3999999999999986
607,1,-0.3999999999999986
608,4,-0.3999999999999986
609,1,-0.3999999999999986
610,4,-0.3999999999999986
611,1,-0.3999999999999986
612,1,-0.3999999999999986
613,3,-0.3999999999999986
614,4,-0.3999999999999986
615,2,-0.3999999999999986
616,4,-0.3999999999999986
617,4,-0.3999999999999986
618,3,-0.3999999999999986
619,1,-0.3999999999999986
620,3,-0.3999999999999986
621,4,-0.3999999999999986
622,1,-0.3999999999999986
623,3,-0.3999999999999986
624,4,-0.40000000000000213
625,4,-0.4000000000000057
626,0,-0.4000000000000057
627,4,-0.4000000000000057
628,2,-0.4000000000000057
629,4,-0.4000000000000057
630,4,-0.4000000000000057
631,0,-0.4000000000000057
632,3,3.3453183520599232
633,4,-0.40000000000000213
634,2,-0.4000000000000057
635,2,-0.4000000000000057
636,1,-0.4000000000000057
637,3,-0.4000000000000057
638,1,-0.4000000000000057
639,4,-0.4000000000000057
640,4,-0.4000000000000057
641,1,-0.4000000000000057
642,3,-0.4000000000000057
643,4,-0.4000000000000057
644,1,-0.4000000000000057
645,4,-0.4000000000000057
646,2,-0.4000000000000057
647,0,-0.4000000000000057
648,4,-0.4000000000000057
649,0,-0.4000000000000057
650,4,3.3453183520599197
651,1,-0.4000000000000057
652,2,-0.4000000000000057
653,4,-0.4000000000000057
654,4,-0.4000000000000057
655,3,-0.4000000000000057
656,3,-0.4000000000000057
657,4,-0.4000000000000057
658,3,-0.4000000000000057
659,2,-0.4000000000000057
660,4,-0.4000000000000057
661,3,-0.4000000000000057
662,3,-0.4000000000000057
663,1,-0.4000000000000057
664,3,-0.4000000000000057
665,4,-0.4000000000000057
666,4,-0.4000000000000057
667,3,-0.4000000000000057
668,3,3.3453183520599197
669,3,-0.4000000000000057
670,3,-0.4000000000000057
671,1,-0.4000000000000057
672,4,-0.4000000000000057
673,3,-0.4000000000000057
674,3,-0.4000000000000057
675,2,-0.4000000000000057
676,3,-0.4000000000000057
677,1,-0.4000000000000057
678,2,-0.4000000000000057
679,2,3.3453183520599197
680,4,-0.4000000000000057
681,2,-0.4000000000000057
682,3,-0.4000000000000057
683,4,-0.4000000000000057
684,3,-0.4000000000000057
685,2,-0.4000000000000057
686,3,-0.4000000000000057
687,2,-0.4000000000000057
688,3,-0.4000000000000057
689,4,-0.4000000000000057
690,0,-0.4000000000000057
691,4,-0.4000000000000057
692,3,-0.4000000000000057
693,1,-0.4000000000000057
694,0,-0.4000000000000057
695,4,-0.4000000000000057
696,1,-0.4000000000000057
697,2,-0.4000000000000057
698,3,-0.4000000000000057
699,4,3.3453183520599197
700,4,-0.4000000000000057
701,4,-0.4000000000000057
702,4,-0.4000000000000057
703,2,-0.4000000000000057
704,2,-0.4000000000000057
705,4,-0.4000000000000057
706,2,-0.4000000000000057
707,1,-0.4000000000000057
708,3,-0.4000000000000057
709,3,-0.4000000000000057
710,4,-0.4000000000000057
711,3,-0.4000000000000057
712,2,-0.4000000000000057
713,2,-0.4000000000000057
714,2,-0.4000000000000057
715,2,-0.4000000000000057
716,0,3.3453183520599197
717,2,-0.4000000000000057
718,2,-0.4000000000000057
719,0,-0.4000000000000057
720,4,-0.4000000000000057
721,3,-0.4000000000000057
722,3,-0.4000000000000057
723,1,-0.4000000000000057
724,4,-0.4000000000000057
725,4,-0.4000000000000057
726,0,-0.4000000000000057
727,3,-0.4000000000000057
728,1,-0.4000000000000057
729,3,-0.4000000000000057
730,3,-0.4000000000000057
731,2,-0.4000000000000057
732,2,-0.4000000000000057
733,3,-0.4000000000000057
734,2,-0.4000000000000057
735,0,3.3453183520599197
736,2,-0.4000000000000057
737,4,-0.4000000000000057
738,4,-0.4000000000000057
739,2,-0.4000000000000057
740,3,-0.4000000000000057
741,2,-0.4000000000000057
742,3,-0.4000000000000057
743,3,-0.4000000000000057
744,2,-0.4000000000000057
745,1,-0.4000000000000057
746,3,-0.4000000000000057
747,4,-0.4000000000000057
748,1,-0.4000000000000057
749,3,-0.4000000000000057
750,2,5.909148264984228
751,2,-0.3999999999999986
752,4,-0.3999999999999986
753,3,-0.3999999999999986
754,4,-0.3999999999999986
755,1,-0.399999999999999
756,3,-0.40000000000000036
757,3,-0.40000000000000036
758,1,2.7545741324921145
759,4,-0.3999999999999986
760,3,-0.3999999999999986
761,4,-0.3999999999999986
762,2,-0.3999999999999986
763,0,-0.39999999999999947
764,3,-0.40000000000000036
765,2,-0.40000000000000036
766,2,-0.40000000000000036
767,1,-0.40000000000000036
768,1,-0.40000000000000036
769,1,-0.40000000000000036
770,4,-0.40000000000000036
771,3,-0.3999999999999999
772,2,-0.3999999999999999
773,2,-0.4
774,3,-0.4
775,1,-0.3999999999999999
776,4,-0.40000000000000036
777,0,-0.40000000000000036
778,4,-0.40000000000000013
779,3,-0.40000000000000036
780,4,2.754574132492113
781,4,-0.4
782,3,-0.4
783,3,-0.3999999999999999
784,2,-0.40000000000000024
785,4,-0.40000000000000036
786,3,-0.40000000000000013
787,3,-0.40000000000000036
788,3,-0.40000000000000036
789,2,-0.40000000000000036
790,3,-0.40000000000000036
791,4,-0.3999999999999999
792,4,-0.3999999999999986
793,3,-0.3999999999999986
794,3,-0.3999999999999986
795,4,2.7545741324921145
796,2,-0.40000000000000036
797,4,-0.40000000000000036
798,0,-0.40000000000000036
799,4,-0.399999999999999
800,4,-0.3999999999999986
801,4,-0.3999999999999986
802,1,-0.3999999999999986
803,4,-0.3999999999999986
804,4,-0.3999999999999986
805,1,-0.3999999999999986
806,3,-0.3999999999999986
807,1,-0.3999999999999986
808,3,-0.3999999999999986
809,0,-0.3999999999999986
810,0,-0.3999999999999986
811,3,-0.3999999999999986
812,2,-0.3999999999999986
813,4,-0.3999999999999986
814,3,2.754574132492115
815,4,-0.3999999999999986
816,2,-0.3999999999999986
817,3,-0.3999999999999986
818,2,-0.3999999999999986
819,4,-0.3999999999999986
820,3,-0.3999999999999986
821,2,-0.3999999999999986
822,3,-0.3999999999999986
823,1,-0.3999999999999986
824,3,-0.3999999999999986
825,1,-0.3999999999999986
826,2,-0.3999999999999986
827,4,-0.3999999999999986
828,3,-0.3999999999999986
829,4,-0.3999999999999986
830,4,-0.3999999999999986
831,2,-0.3999999999999986
832,4,-0.3999999999999986
833,3,-0.3999999999999986
834,3,-0.3999999999999986
835,1,2.754574132492115
836,4,-0.3999999999999986
837,4,-0.3999999999999986
838,4,-0.3999999999999986
839,1,-0.3999999999999986
840,4,-0.3999999999999986
841,4,-0.3999999999999986
842,3,-0.3999999999999986
843,4,-0.3999999999999986
844,3,-0.3999999999999986
845,3,-0.4000000000000039
846,0,-0.4000000000000057
847,3,-0.4000000000000057
848,4,-0.4000000000000057
849,3,-0.4000000000000057
850,3,-0.4000000000000057
851,3,-0.4000000000000057
852,3,-0.4000000000000057
853,1,-0.4000000000000057
854,4,-0.4000000000000057
855,4,-0.4000000000000057
856,0,-0.4000000000000057
857,4,-0.4000000000000057
858,2,-0.4000000000000057
859,3,-0.4000000000000057
860,3,-0.4000000000000057
861,3,2.754574132492106
862,0,-0.4000000000000057
863,3,-0.4000000000000057
864,3,-0.4000000000000057
865,3,-0.4000000000000057
866,4,-0.4000000000000057
867,3,-0.4000000000000057
868,4,-0.4000000000000057
869,3,-0.4000000000000057
870,1,-0.4000000000000057
871,4,-0.4000000000000057
872,2,-0.4000000000000057
873,4,-0.4000000000000057
874,4,-0.4000000000000057
875,1,-0.4000000000000057
876,4,-0.4000000000000057
877,3,-0.4000000000000057
878,4,2.7545741324921096
879,0,-0.4000000000000057
880,4,-0.4000000000000057
881,3,-0.4000000000000057
882,3,-0.4000000000000057
883,2,-0.4000000000000057
884,3,-0.4000000000000057
885,3,-0.4000000000000057
886,3,-0.4000000000000057
887,3,2.7545741324921096
888,1,-0.4000000000000057
889,3,-0.4000000000000057
890,4,-0.4000000000000057
891,4,-0.4000000000000057
892,3,-0.4000000000000057
893,2,-0.4000000000000057
894,3,-0.4000000000000057
895,1,-0.4000000000000057
896,3,-0.4000000000000057
897,4,-0.4000000000000057
898,3,-0.4000000000000057
899,3,-0.4000000000000057
900,1,-0.4000000000000057
901,3,-0.4000000000000057
902,4,-0.4000000000000057
903,2,-0.4000000000000057
904,3,2.7545741324921096
905,4,-0.4000000000000057
906,3,-0.4000000000000057
907,4,-0.4000000000000057
908,4,-0.4000000000000057
909,2,-0.4000000000000057
910,3,-0.4000000000000057
911,1,-0.4000000000000057
912,4,-0.4000000000000057
913,4,-0.4000000000000057
914,3,-0.4000000000000057
915,3,-0.4000000000000057
916,2,-0.4000000000000057
917,3,-0.4000000000000057
918,3,-0.4000000000000057
919,4,-0.4000000000000057
920,0,-0.4000000000000057
921,3,-0.4000000000000057
922,3,-0.4000000000000057
923,3,-0.4000000000000057
924,4,2.7545741324921096
925,4,-0.4000000000000057
926,4,-0.4000000000000057
927,1,-0.4000000000000057
928,4,-0.4000000000000057
929,3,-0.4000000000000057
930,3,-0.4000000000000057
931,2,-0.4000000000000057
932,4,-0.4000000000000057
933,4,-0.4000000000000057
934,1,-0.4000000000000057
935,4,-0.4000000000000057
936,4,-0.4000000000000057
937,3,-0.4000000000000057
938,4,-0.4000000000000057
939,3,-0.4000000000000057
940,1,-0.4000000000000057
941,4,-0.4000000000000057
942,4,-0.4000000000000057
943,3,-0.4000000000000057
944,3,-0.4000000000000057
945,3,-0.4000000000000057
946,4,-0.4000000000000057
947,3,-0.4000000000000057
948,4,-0.4000000000000057
949,3,-0.4000000000000057
950,3,-0.4000000000000057
951,2,2.7545741324921096
952,3,-0.4000000000000057
953,2,-0.4000000000000057
954,4,-0.4000000000000057
955,4,-0.4000000000000057
956,3,-0.4000000000000057
957,4,-0.4000000000000057
958,2,-0.4000000000000057
959,1,-0.4000000000000057
960,4,-0.4000000000000057
961,3,-0.4000000000000057
962,3,-0.4000000000000057
963,3,-0.4000000000000057
964,3,-0.4000000000000057
965,4,-0.4000000000000057
966,2,-0.4000000000000057
967,3,-0.4000000000000057
968,3,2.7545741324921096
969,4,-0.4000000000000057
970,4,-0.4000000000000057
971,4,-0.4000000000000057
972,1,-0.4000000000000057
973,3,-0.4000000000000057
974,3,-0.4000000000000057
975,4,-0.4000000000000057
976,3,-0.4000000000000057
977,3,-0.4000000000000057
978,3,-0.4000000000000057
979,3,2.7545741324921096
980,4,-0.4000000000000057
981,0,-0.4000000000000057
982,4,-0.4000000000000057
983,0,-0.4000000000000057
984,3,-0.4000000000000057
985,3,-0.4000000000000057
986,3,-0.4000000000000057
987,1,-0.4000000000000057
988,2,-0.4000000000000057
989,4,2.7545741324921096
990,3,-0.4000000000000057
991,3,-0.4000000000000057
992,3,-0.4000000000000057
993,1,-0.4000000000000057
994,3,-0.4000000000000057
995,4,-0.4000000000000057
996,2,-0.4000000000000057
997,1,-0.4000000000000057
998,1,-0.4000000000000057
999,0,-0.4000000000000057
1000,4,6.0308681672025735
1001,1,-0.3999999999999986
1002,4,-0.3999999999999986
1003,2,-0.3999999999999986
1004,2,-0.3999999999999986
1005,4,-0.3999999999999986
1006,4,-0.40000000000000036
1007,2,-0.40000000000000036
1008,3,-0.40000000000000036
1009,4,-0.40000000000000036
1010,3,2.8154340836012866
1011,4,-0.3999999999999986
1012,4,-0.3999999999999986
1013,4,-0.3999999999999986
1014,4,-0.40000000000000036
1015,2,-0.40000000000000036
1016,4,-0.40000000000000036
1017,4,-0.40000000000000036
1018,4,-0.40000000000000036
1019,4,-0.40000000000000036
1020,2,-0.40000000000000036
1021,3,-0.40000000000000013
1022,4,-0.3999999999999999
1023,4,-0.4
1024,3,-0.4000000000000001
1025,4,-0.3999999999999999
1026,3,-0.40000000000000013
1027,2,-0.40000000000000036
1028,3,-0.40000000000000036
1029,3,-0.40000000000000013
1030,3,-0.40000000000000036
1031,4,-0.40000000000000036
1032,3,-0.40000000000000036
1033,4,2.8154340836012857
1034,2,-0.40000000000000013
1035,4,-0.40000000000000036
1036,3,-0.40000000000000036
1037,4,-0.40000000000000013
1038,3,-0.40000000000000036
1039,3,-0.40000000000000036
1040,3,-0.40000000000000036
1041,4,-0.40000000000000036
1042,3,-0.399999999999999
1043,4,-0.3999999999999986
1044,3,-0.3999999999999986
1045,3,-0.3999999999999986
1046,4,-0.3999999999999986
1047,3,-0.3999999999999986
1048,3,-0.3999999999999986
1049,1,-0.3999999999999986
1050,4,-0.3999999999999986
1051,4,-0.3999999999999986
1052,4,-0.3999999999999986
1053,1,-0.3999999999999986
1054,4,-0.3999999999999986
1055,1,-0.3999999999999986
1056,2,-0.3999999999999986
1057,3,-0.3999999999999986
1058,3,-0.3999999999999986
1059,2,-0.3999999999999986
1060,2,2.8154340836012874
1061,4,-0.3999999999999986
1062,3,-0.3999999999999986
1063,2,-0.3999999999999986
1064,3,-0.3999999999999986
1065,3,-0.3999999999999986
1066,3,-0.3999999999999986
1067,2,-0.3999999999999986
1068,4,-0.3999999999999986
1069,4,-0.3999999999999986
1070,3,-0.3999999999999986
1071,2,-0.3999999999999986
1072,1,-0.3999999999999986
1073,4,-0.3999999999999986
1074,4,-0.3999999999999986
1075,3,-0.3999999999999986
1076,4,-0.3999999999999986
1077,4,2.8154340836012874
1078,3,-0.3999999999999986
1079,3,-0.3999999999999986
1080,4,-0.3999999999999986
1081,4,-0.3999999999999986
1082,2,-0.3999999999999986
1083,2,-0.3999999999999986
1084,4,-0.3999999999999986
1085,4,-0.3999999999999986
1086,0,-0.3999999999999986
1087,4,-0.3999999999999986
1088,4,-0.4000000000000039
1089,3,-0.4000000000000057
1090,3,-0.4000000000000057
1091,3,-0.4000000000000057
1092,4,-0.4000000000000057
1093,4,-0.4000000000000057
1094,4,-0.4000000000000057
1095,3,-0.4000000000000057
1096,3,-0.4000000000000057
1097,3,-0.4000000000000057
1098,3,-0.4000000000000057
1099,3,-0.4000000000000057
1100,4,-0.4000000000000057
1101,4,-0.4000000000000057
1102,2,-0.4000000000000057
1103,4,-0.4000000000000057
1104,4,-0.4000000000000057
1105,2,-0.4000000000000057
1106,3,2.815434083601282
1107,4,-0.4000000000000057
1108,4,-0.4000000000000057
1109,3,-0.4000000000000057
1110,2,-0.4000000000000057
1111,2,-0.4000000000000057
1112,4,-0.4000000000000057
1113,4,-0.4000000000000057
1114,4,-0.4000000000000057
1115,4,-0.4000000000000057
1116,3,-0.4000000000000057
1117,1,-0.4000000000000057
1118,4,-0.4000000000000057
1119,2,-0.4000000000000057
1120,4,-0.4000000000000057
1121,4,-0.4000000000000057
1122,4,-0.4000000000000057
1123,1,-0.4000000000000057
1124,1,-0.4000000000000057
1125,2,-0.4000000000000057
1126,3,-0.4000000000000057
1127,4,-0.4000000000000057
1128,4,-0.4000000000000057
1129,4,-0.4000000000000057
1130,4,-0.4000000000000057
1131,3,-0.4000000000000057
1132,3,2.815434083601282
1133,1,-0.4000000000000057
1134,4,-0.4000000000000057
1135,4,-0.4000000000000057
1136,4,-0.4000000000000057
1137,4,-0.4000000000000057
1138,3,-0.4000000000000057
1139,0,-0.4000000000000057
1140,4,-0.4000000000000057
1141,4,-0.4000000000000057
1142,3,-0.4000000000000057
1143,4,-0.4000000000000057
1144,4,-0.4000000000000057
1145,2,-0.4000000000000057
1146,3,-0.4000000000000057
1147,4,-0.4000000000000057
1148,4,-0.4000000000000057
1149,4,-0.4000000000000057
1150,4,-0.4000000000000057
1151,4,2.815434083601282
1152,4,-0.4000000000000057
1153,1,-0.4000000000000057
1154,4,-0.4000000000000057
1155,2,-0.4000000000000057
1156,3,-0.4000000000000057
1157,4,-0.4000000000000057
1158,3,-0.4000000000000057
1159,0,-0.4000000000000057
1160,3,-0.4000000000000057
1161,4,-0.4000000000000057
1162,3,-0.4000000000000057
1163,3,-0.4000000000000057
1164,4,-0.4000000000000057
1165,4,-0.4000000000000057
1166,3,-0.4000000000000057
1167,0,-0.4000000000000057
1168,3,-0.4000000000000057
1169,4,-0.4000000000000057
1170,1,-0.4000000000000057
1171,4,-0.4000000000000057
1172,4,-0.4000000000000057
1173,2,-0.4000000000000057
1174,3,-0.4000000000000057
1175,4,-0.4000000000000057
1176,3,-0.4000000000000057
1177,4,-0.4000000000000057
1178,3,2.815434083601282
1179,3,-0.4000000000000057
1180,2,-0.4000000000000057
1181,4,-0.4000000000000057
1182,1,-0.4000000000000057
1183,3,-0.4000000000000057
1184,3,-0.4000000000000057
1185,3,-0.4000000000000057
1186,3,-0.4000000000000057
1187,4,-0.4000000000000057
1188,4,-0.4000000000000057
1189,4,-0.4000000000000057
1190,4,-0.4000000000000057
1191,2,-0.4000000000000057
1192,4,-0.4000000000000057
1193,4,-0.4000000000000057
1194,3,-0.4000000000000057
1195,3,-0.4000000000000057
1196,3,2.815434083601282
1197,3,-0.4000000000000057
1198,3,-0.4000000000000057
1199,4,-0.4000000000000057
1200,4,-0.4000000000000057
1201,4,-0.4000000000000057
1202,3,-0.4000000000000057
1203,1,-0.4000000000000057
1204,4,-0.4000000000000057
1205,4,-0.4000000000000057
1206,2,-0.4000000000000057
1207,2,-0.4000000000000057
1208,2,-0.4000000000000057
1209,4,-0.4000000000000057
1210,4,-0.4000000000000057
1211,4,-0.4000000000000057
1212,4,-0.4000000000000057
1213,2,-0.4000000000000057
1214,3,-0.4000000000000057
1215,0,-0.4000000000000057
1216,4,-0.4000000000000057
1217,4,-0.4000000000000057
1218,4,-0.4000000000000057
1219,4,-0.4000000000000057
1220,3,-0.4000000000000057
1221,3,-0.4000000000000057
1222,4,-0.4000000000000057
1223,3,-0.4000000000000057
1224,3,-0.4000000000000057
1225,2,-0.4000000000000057
1226,3,-0.4000000000000057
1227,4,-0.4000000000000057
1228,2,-0.4000000000000057
1229,3,-0.4000000000000057
1230,3,2.815434083601282
1231,3,-0.4000000000000057
1232,4,-0.4000000000000057
1233,4,-0.4000000000000057
1234,4,-0.4000000000000057
1235,3,-0.4000000000000057
1236,4,-0.4000000000000057
1237,3,-0.4000000000000057
1238,4,-0.4000000000000057
1239,3,-0.4000000000000057
1240,3,-0.4000000000000057
1241,3,-0.4000000000000057
1242,4,-0.4000000000000057
1243,4,-0.4000000000000057
1244,3,-0.4000000000000057
1245,4,-0.4000000000000057
1246,4,-0.4000000000000057
1247,4,-0.4000000000000057
1248,3,-0.4000000000000057
1249,3,-0.4000000000000057
1250,4,7.382101167315176
1251,3,-0.3999999999999986
1252,4,-0.3999999999999986
1253,4,-0.3999999999999986
1254,2,-0.3999999999999986
1255,1,-0.3999999999999986
1256,3,-0.3999999999999986
1257,3,-0.3999999999999986
1258,4,-0.3999999999999986
1259,3,-0.3999999999999999
1260,3,-0.40000000000000036
1261,2,3.491050583657588
1262,4,-0.3999999999999986
1263,3,-0.3999999999999986
1264,4,-0.3999999999999986
1265,4,-0.3999999999999986
1266,3,-0.3999999999999986
1267,3,-0.3999999999999986
1268,4,-0.3999999999999986
1269,0,-0.40000000000000036
1270,4,-0.40000000000000036
1271,4,-0.40000000000000036
1272,3,-0.40000000000000036
1273,3,-0.40000000000000036
1274,3,-0.40000000000000036
1275,3,-0.40000000000000036
1276,4,-0.40000000000000013
1277,1,-0.3999999999999999
1278,4,-0.3999999999999999
1279,1,-0.4
1280,3,-0.39999999999999997
1281,4,-0.40000000000000013
1282,4,-0.40000000000000036
1283,4,-0.40000000000000036
1284,4,-0.40000000000000013
1285,4,-0.40000000000000036
1286,3,-0.40000000000000036
1287,3,-0.40000000000000036
1288,4,-0.40000000000000036
1289,4,-0.399999999999999
1290,3,-0.3999999999999986
1291,4,-0.3999999999999986
1292,4,-0.3999999999999986
1293,3,-0.3999999999999986
1294,4,-0.3999999999999986
1295,3,-0.3999999999999986
1296,3,-0.3999999999999986
1297,4,-0.3999999999999986
1298,3,-0.3999999999999986
1299,4,-0.3999999999999986
1300,3,-0.3999999999999986
1301,3,3.4910505836575894
1302,4,-0.3999999999999986
1303,4,-0.3999999999999986
1304,4,-0.3999999999999986
1305,4,-0.3999999999999986
1306,0,-0.3999999999999986
1307,4,-0.3999999999999986
1308,4,-0.3999999999999986
1309,4,-0.3999999999999986
1310,3,-0.3999999999999986
1311,4,-0.3999999999999986
1312,4,-0.3999999999999986
1313,3,-0.3999999999999986
1314,4,-0.3999999999999986
1315,2,-0.3999999999999986
1316,4,-0.3999999999999986
1317,3,-0.3999999999999986
1318,2,-0.3999999999999986
1319,4,-0.3999999999999986
1320,3,-0.3999999999999986
1321,3,-0.3999999999999986
1322,3,-0.3999999999999986
1323,4,-0.3999999999999986
1324,1,-0.3999999999999986
1325,3,-0.3999999999999986
1326,4,-0.3999999999999986
1327,4,-0.3999999999999986
1328,2,-0.3999999999999986
1329,4,-0.4000000000000057
1330,4,-0.4000000000000057
1331,4,-0.4000000000000057
1332,4,-0.4000000000000057
1333,2,-0.4000000000000057
1334,4,-0.4000000000000057
1335,4,-0.4000000000000057
1336,3,-0.4000000000000057
1337,4,-0.4000000000000057
1338,3,-0.4000000000000057
1339,4,-0.4000000000000057
1340,4,-0.4000000000000057
1341,2,-0.4000000000000057
1342,4,-0.4000000000000057
1343,3,3.4910505836575823
1344,4,-0.4000000000000057
1345,4,-0.4000000000000057
1346,4,-0.4000000000000057
1347,4,-0.4000000000000057
1348,4,-0.4000000000000057
1349,2,-0.4000000000000057
1350,4,-0.4000000000000057
1351,3,-0.4000000000000057
1352,3,-0.4000000000000057
1353,3,-0.4000000000000057
1354,4,-0.4000000000000057
1355,3,-0.4000000000000057
1356,4,-0.4000000000000057
1357,3,-0.4000000000000057
1358,3,-0.4000000000000057
1359,4,-0.4000000000000057
1360,4,-0.4000000000000057
1361,3,-0.4000000000000057
1362,4,-0.4000000000000057
1363,1,-0.4000000000000057
1364,0,-0.4000000000000057
1365,4,-0.4000000000000057
1366,4,-0.4000000000000057
1367,4,-0.4000000000000057
1368,4,-0.4000000000000057
1369,4,-0.4000000000000057
1370,3,-0.4000000000000057
1371,4,3.4910505836575823
1372,4,-0.4000000000000057
1373,1,-0.4000000000000057
1374,4,-0.4000000000000057
1375,4,-0.4000000000000057
1376,1,-0.4000000000000057
1377,4,-0.4000000000000057
1378,4,-0.4000000000000057
1379,4,-0.4000000000000057
1380,4,-0.4000000000000057
1381,3,-0.4000000000000057
1382,1,-0.4000000000000057
1383,4,-0.4000000000000057
1384,4,-0.4000000000000057
1385,4,-0.4000000000000057
1386,4,-0.4000000000000057
1387,3,-0.4000000000000057
1388,3,-0.40000000000000213
1389,4,-0.4000000000000057
1390,4,-0.4000000000000057
1391,4,-0.4000000000000057
1392,4,-0.4000000000000057
1393,3,-0.4000000000000057
1394,4,-0.4000000000000057
1395,3,-0.4000000000000057
1396,4,-0.4000000000000057
1397,4,-0.4000000000000057
1398,4,-0.4000000000000057
1399,4,-0.4000000000000057
1400,3,-0.4000000000000057
1401,3,-0.4000000000000057
1402,4,-0.4000000000000057
1403,2,-0.4000000000000057
1404,4,-0.4000000000000057
1405,3,-0.4000000000000057
1406,4,-0.4000000000000057
1407,4,-0.4000000000000057
1408,4,-0.4000000000000057
1409,3,-0.4000000000000057
1410,3,-0.4000000000000057
1411,1,-0.4000000000000057
1412,4,3.4910505836575823
1413,3,-0.4000000000000057
1414,4,-0.4000000000000057
1415,4,-0.4000000000000057
1416,4,-0.4000000000000057
1417,4,-0.4000000000000057
1418,2,-0.4000000000000057
1419,4,-0.4000000000000057
1420,3,-0.4000000000000057
1421,4,-0.4000000000000057
1422,3,-0.4000000000000057
1423,2,-0.4000000000000057
1424,3,-0.4000000000000057
1425,3,-0.4000000000000057
1426,2,-0.4000000000000057
1427,3,-0.4000000000000057
1428,4,-0.4000000000000057
1429,3,-0.4000000000000057
1430,3,-0.4000000000000057
1431,3,-0.4000000000000057
1432,3,-0.4000000000000057
1433,3,-0.4000000000000057
1434,0,-0.4000000000000057
1435,4,-0.4000000000000057
1436,4,-0.4000000000000057
1437,4,-0.4000000000000057
1438,4,-0.4000000000000057
1439,4,-0.4000000000000057
1440,4,-0.4000000000000057
1441,4,-0.4000000000000057
1442,4,-0.4000000000000057
1443,4,-0.4000000000000057
1444,4,-0.4000000000000057
1445,4,-0.4000000000000057
1446,1,-0.4000000000000057
1447,3,-0.4000000000000057
1448,3,-0.4000000000000057
1449,4,-0.4000000000000057
1450,4,-0.4000000000000057
1451,4,-0.4000000000000057
1452,1,-0.4000000000000057
1453,4,-0.4000000000000057
1454,3,-0.4000000000000057
1455,1,-0.4000000000000057
1456,4,-0.4000000000000057
1457,4,-0.4000000000000057
1458,4,-0.4000000000000057
1459,4,-0.4000000000000057
1460,3,-0.4000000000000057
1461,4,3.4910505836575823
1462,4,-0.4000000000000057
1463,3,-0.4000000000000057
1464,4,-0.4000000000000057
1465,4,-0.4000000000000057
1466,3,-0.4000000000000057
1467,4,-0.4000000000000057
1468,4,-0.4000000000000057
1469,1,-0.4000000000000057
1470,4,-0.4000000000000057
1471,4,-0.4000000000000057
1472,4,-0.4000000000000057
1473,3,-0.4000000000000057
1474,4,-0.4000000000000057
1475,3,-0.4000000000000057
1476,4,-0.4000000000000057
1477,4,-0.4000000000000057
1478,2,-0.4000000000000057
1479,3,-0.4000000000000057
1480,4,-0.4000000000000057
1481,2,-0.4000000000000057
1482,4,-0.4000000000000057
1483,4,-0.4000000000000057
1484,3,-0.4000000000000057
1485,4,-0.4000000000000057
1486,3,-0.4000000000000057
1487,2,-0.4000000000000057
1488,4,-0.39999999999997726
1489,4,-0.39999999999997726
1490,1,-0.39999999999997726
1491,4,-0.39999999999997726
1492,4,-0.39999999999997726
1493,3,-0.39999999999997726
1494,3,-0.39999999999997726
1495,4,-0.39999999999997726
1496,4,3.4910505836576036
1497,3,-0.3999999999999986
1498,4,-0.39999999999997726
1499,4,-0.39999999999997726
1500,2,6.544444444444446
1501,3,-0.3999999999999986
1502,4,-0.3999999999999986
1503,3,-0.3999999999999986
1504,4,-0.3999999999999986
1505,4,-0.3999999999999986
1506,4,-0.3999999999999986
1507,4,-0.3999999999999999
1508,4,-0.40000000000000036
1509,4,-0.40000000000000036
1510,3,-0.40000000000000036
1511,4,-0.40000000000000036
1512,1,-0.40000000000000036
1513,4,-0.40000000000000036
1514,3,-0.40000000000000024
1515,3,-0.3999999999999999
1516,4,-0.3999999999999999
1517,4,-0.4
1518,4,-0.39999999999999997
1519,4,-0.4
1520,4,-0.40000000000000036
1521,4,-0.40000000000000036
1522,3,-0.40000000000000013
1523,4,-0.40000000000000036
1524,3,-0.40000000000000036
1525,4,-0.40000000000000036
1526,4,-0.40000000000000036
1527,3,-0.39999999999999947
1528,4,-0.3999999999999986
1529,4,-0.3999999999999986
1530,4,3.072222222222223
1531,4,-0.40000000000000036
1532,4,-0.40000000000000036
1533,4,-0.40000000000000036
1534,4,-0.40000000000000036
1535,4,-0.40000000000000036
1536,4,-0.3999999999999986
1537,3,-0.3999999999999986
1538,4,-0.3999999999999986
1539,4,-0.3999999999999986
1540,4,-0.3999999999999986
1541,4,-0.3999999999999986
1542,4,-0.3999999999999986
1543,4,-0.3999999999999986
1544,4,-0.3999999999999986
1545,4,-0.3999999999999986
1546,4,-0.3999999999999986
1547,4,-0.3999999999999986
1548,4,-0.3999999999999986
1549,2,-0.3999999999999986
1550,4,-0.3999999999999986
1551,4,-0.3999999999999986
1552,4,-0.3999999999999986
1553,4,-0.3999999999999986
1554,4,-0.3999999999999986
1555,4,-0.3999999999999986
1556,4,-0.3999999999999986
1557,4,-0.3999999999999986
1558,4,-0.3999999999999986
1559,4,-0.3999999999999986
1560,4,-0.3999999999999986
1561,1,-0.3999999999999986
1562,4,-0.3999999999999986
1563,3,-0.3999999999999986
1564,3,-0.3999999999999986
1565,4,-0.3999999999999986
1566,4,-0.4000000000000039
1567,3,-0.4000000000000057
1568,1,-0.4000000000000057
1569,4,-0.4000000000000057
1570,1,-0.4000000000000057
1571,4,-0.4000000000000057
1572,3,-0.4000000000000057
1573,4,-0.4000000000000057
1574,2,-0.4000000000000057
1575,4,-0.4000000000000057
1576,2,-0.4000000000000057
1577,4,-0.4000000000000057
1578,4,-0.4000000000000057
1579,4,-0.4000000000000057
1580,4,-0.4000000000000057
1581,4,-0.4000000000000057
1582,3,-0.4000000000000057
1583,4,-0.4000000000000057
1584,3,-0.4000000000000057
1585,4,-0.4000000000000057
1586,3,-0.4000000000000057
1587,4,-0.4000000000000057
1588,3,-0.4000000000000057
1589,2,-0.4000000000000057
1590,4,-0.4000000000000057
1591,3,-0.4000000000000057
1592,4,-0.4000000000000057
1593,4,-0.4000000000000057
1594,4,3.0722222222222157
1595,4,-0.4000000000000057
1596,4,-0.4000000000000057
1597,3,-0.4000000000000057
1598,4,-0.4000000000000057
1599,4,-0.4000000000000057
1600,2,-0.4000000000000057
1601,4,-0.4000000000000057
1602,4,-0.4000000000000057
1603,4,-0.4000000000000057
1604,4,-0.4000000000000057
1605,4,-0.4000000000000057
1606,4,-0.4000000000000057
1607,4,-0.4000000000000057
1608,3,-0.4000000000000057
1609,3,-0.4000000000000057
1610,4,-0.4000000000000057
1611,4,-0.4000000000000057
1612,4,-0.4000000000000057
1613,3,-0.4000000000000057
1614,4,-0.40000000000000213
1615,3,-0.4000000000000057
1616,4,-0.4000000000000057
1617,4,-0.4000000000000057
1618,4,-0.4000000000000057
1619,3,-0.4000000000000057
1620,3,-0.4000000000000057
1621,3,-0.4000000000000057
1622,4,-0.4000000000000057
1623,4,-0.4000000000000057
1624,4,-0.4000000000000057
1625,4,-0.4000000000000057
1626,4,-0.4000000000000057
1627,4,-0.4000000000000057
1628,4,-0.4000000000000057
1629,4,-0.4000000000000057
1630,4,-0.4000000000000057
1631,3,-0.4000000000000057
1632,4,-0.4000000000000057
1633,1,-0.4000000000000057
1634,3,-0.4000000000000057
1635,4,-0.4000000000000057
1636,4,-0.4000000000000057
1637,4,-0.4000000000000057
1638,4,-0.4000000000000057
1639,3,-0.4000000000000057
1640,4,-0.4000000000000057
1641,4,-0.4000000000000057
1642,4,-0.4000000000000057
1643,3,-0.4000000000000057
1644,3,-0.4000000000000057
1645,3,-0.4000000000000057
1646,3,-0.4000000000000057
1647,4,-0.4000000000000057
1648,4,-0.4000000000000057
1649,4,-0.4000000000000057
1650,4,-0.4000000000000057
1651,4,-0.4000000000000057
1652,3,-0.4000000000000057
1653,4,-0.4000000000000057
1654,4,-0.4000000000000057
1655,4,-0.4000000000000057
1656,4,-0.4000000000000057
1657,1,-0.4000000000000057
1658,4,-0.4000000000000057
1659,2,-0.4000000000000057
1660,3,-0.4000000000000057
1661,4,3.0722222222222157
1662,4,-0.4000000000000057
1663,4,-0.4000000000000057
1664,4,-0.4000000000000057
1665,4,-0.4000000000000057
1666,4,-0.4000000000000057
1667,4,-0.4000000000000057
1668,4,-0.4000000000000057
1669,3,-0.4000000000000057
1670,4,-0.4000000000000057
1671,4,-0.4000000000000057
1672,4,-0.4000000000000057
1673,2,-0.4000000000000057
1674,4,-0.4000000000000057
1675,4,-0.4000000000000057
1676,2,-0.4000000000000057
1677,3,-0.4000000000000057
1678,4,-0.4000000000000057
1679,4,-0.4000000000000057
1680,4,-0.4000000000000057
1681,4,-0.4000000000000057
1682,4,-0.4000000000000057
1683,4,-0.4000000000000057
1684,2,-0.4000000000000057
1685,4,-0.4000000000000057
1686,3,-0.4000000000000057
1687,4,-0.4000000000000057
1688,4,-0.4000000000000057
1689,4,-0.4000000000000057
1690,4,-0.4000000000000057
1691,4,-0.4000000000000057
1692,4,-0.4000000000000057
1693,4,-0.4000000000000057
1694,3,-0.4000000000000057
1695,4,-0.4000000000000057
1696,4,-0.4000000000000057
1697,3,-0.4000000000000057
1698,4,-0.4000000000000057
1699,4,-0.4000000000000057
1700,4,-0.4000000000000057
1701,4,-0.4000000000000057
1702,4,-0.4000000000000057
1703,4,-0.3999999999999915
1704,2,-0.39999999999997726
1705,4,-0.39999999999997726
1706,3,-0.39999999999997726
1707,4,-0.39999999999997726
1708,4,-0.39999999999997726
1709,2,-0.39999999999997726
1710,4,-0.39999999999997726
1711,4,-0.39999999999997726
1712,4,-0.39999999999997726
1713,3,-0.39999999999997726
1714,4,-0.39999999999997726
1715,2,-0.39999999999997726
1716,2,-0.39999999999997726
1717,4,3.0722222222222513
1718,4,-0.39999999999997726
1719,3,-0.39999999999997726
1720,4,-0.39999999999997726
1721,4,-0.39999999999997726
1722,4,-0.39999999999997726
1723,4,-0.39999999999997726
1724,4,-0.39999999999997726
1725,4,-0.39999999999997726
1726,3,-0.39999999999997726
1727,4,-0.39999999999997726
1728,3,-0.39999999999997726
1729,4,-0.39999999999997726
1730,3,-0.39999999999997726
1731,4,-0.39999999999997726
1732,4,-0.39999999999997726
1733,4,-0.39999999999997726
1734,3,-0.39999999999997726
1735,2,-0.39999999999997726
1736,3,-0.39999999999997726
1737,4,-0.39999999999997726
1738,4,-0.39999999999997726
1739,4,-0.39999999999997726
1740,3,-0.39999999999997726
1741,4,-0.39999999999997726
1742,4,-0.39999999999997726
1743,4,-0.39999999999997726
1744,1,-0.39999999999997726
1745,4,-0.39999999999997726
1746,4,-0.39999999999997726
1747,4,-0.39999999999997726
1748,4,-0.39999999999997726
1749,4,-0.39999999999997726
1750,4,5.679027355623102
1751,4,-0.3999999999999986
1752,4,-0.3999999999999986
1753,4,-0.3999999999999986
1754,4,-0.3999999999999986
1755,4,-0.40000000000000036
1756,4,-0.40000000000000036
1757,4,-0.40000000000000036
1758,4,-0.40000000000000036
1759,4,-0.40000000000000036
1760,4,-0.40000000000000036
1761,4,-0.40000000000000036
1762,4,-0.40000000000000013
1763,4,-0.3999999999999999
1764,4,-0.3999999999999999
1765,4,-0.4
1766,4,-0.39999999999999997
1767,4,-0.40000000000000013
1768,4,-0.40000000000000036
1769,4,-0.40000000000000036
1770,4,-0.40000000000000013
1771,2,-0.40000000000000036
1772,4,-0.40000000000000036
1773,4,-0.40000000000000036
1774,4,-0.40000000000000036
1775,4,-0.399999999999999
1776,4,-0.3999999999999986
1777,4,-0.3999999999999986
1778,3,-0.3999999999999986
1779,4,-0.3999999999999986
1780,4,-0.3999999999999986
1781,4,-0.3999999999999986
1782,4,-0.3999999999999986
1783,4,-0.3999999999999986
1784,2,-0.3999999999999986
1785,4,-0.3999999999999986
1786,4,-0.3999999999999986
1787,4,-0.3999999999999986
1788,4,-0.3999999999999986
1789,4,-0.3999999999999986
1790,4,-0.3999999999999986
1791,3,-0.3999999999999986
1792,4,-0.3999999999999986
1793,4,-0.3999999999999986
1794,4,-0.3999999999999986
1795,3,-0.3999999999999986
1796,0,-0.3999999999999986
1797,4,-0.3999999999999986
1798,4,-0.3999999999999986
1799,4,-0.3999999999999986
1800,4,-0.3999999999999986
1801,4,-0.3999999999999986
1802,3,-0.3999999999999986
1803,4,-0.3999999999999986
1804,4,-0.3999999999999986
1805,4,-0.4000000000000039
1806,4,-0.4000000000000057
1807,4,2.6395136778115464
1808,4,-0.3999999999999986
1809,4,-0.3999999999999986
1810,4,-0.3999999999999986
1811,4,-0.3999999999999986
1812,4,-0.3999999999999986
1813,4,-0.4000000000000057
1814,4,-0.4000000000000057
1815,4,-0.4000000000000057
1816,4,-0.4000000000000057
1817,4,-0.4000000000000057
1818,4,-0.4000000000000057
1819,4,-0.4000000000000057
1820,4,-0.4000000000000057
1821,4,-0.4000000000000057
1822,4,-0.4000000000000057
1823,2,-0.4000000000000057
1824,4,-0.4000000000000057
1825,4,-0.4000000000000057
1826,4,-0.4000000000000057
1827,4,-0.4000000000000057
1828,4,-0.4000000000000057
1829,4,-0.4000000000000057
1830,4,-0.4000000000000057
1831,4,-0.4000000000000057
1832,4,-0.4000000000000057
1833,4,-0.4000000000000057
1834,4,-0.4000000000000057
1835,4,-0.4000000000000057
1836,4,-0.4000000000000057
1837,4,-0.4000000000000057
1838,4,-0.4000000000000057
1839,4,-0.4000000000000057
1840,2,-0.4000000000000057
1841,4,-0.4000000000000057
1842,4,-0.4000000000000057
1843,4,-0.4000000000000057
1844,4,-0.4000000000000057
1845,4,-0.4000000000000057
1846,4,-0.4000000000000057
1847,4,-0.4000000000000057
1848,4,-0.4000000000000057
1849,3,-0.4000000000000057
1850,3,-0.4000000000000057
1851,4,-0.4000000000000057
1852,4,-0.40000000000000213
1853,4,-0.4000000000000057
1854,4,-0.4000000000000057
1855,3,-0.4000000000000057
1856,4,-0.4000000000000057
1857,4,-0.4000000000000057
1858,3,-0.4000000000000057
1859,4,-0.4000000000000057
1860,4,-0.4000000000000057
1861,4,-0.4000000000000057
1862,3,-0.4000000000000057
1863,4,-0.4000000000000057
1864,4,-0.4000000000000057
1865,4,-0.4000000000000057
1866,4,-0.4000000000000057
1867,4,-0.4000000000000057
1868,3,-0.4000000000000057
1869,4,-0.4000000000000057
1870,3,-0.4000000000000057
1871,4,-0.4000000000000057
1872,4,-0.4000000000000057
1873,3,-0.4000000000000057
1874,4,-0.4000000000000057
1875,4,-0.4000000000000057
1876,4,-0.4000000000000057
1877,4,-0.4000000000000057
1878,4,-0.4000000000000057
1879,4,-0.4000000000000057
1880,4,-0.4000000000000057
1881,3,-0.4000000000000057
1882,4,-0.4000000000000057
1883,3,-0.4000000000000057
1884,4,-0.4000000000000057
1885,4,-0.4000000000000057
1886,4,-0.4000000000000057
1887,4,-0.4000000000000057
1888,2,-0.4000000000000057
1889,4,-0.4000000000000057
1890,4,-0.4000000000000057
1891,4,-0.4000000000000057
1892,4,-0.4000000000000057
1893,4,-0.4000000000000057
1894,4,-0.4000000000000057
1895,4,-0.4000000000000057
1896,4,-0.4000000000000057
1897,4,-0.4000000000000057
1898,4,-0.4000000000000057
1899,4,-0.4000000000000057
1900,3,-0.4000000000000057
1901,3,-0.4000000000000057
1902,4,-0.4000000000000057
1903,4,-0.4000000000000057
1904,4,-0.4000000000000057
1905,4,-0.4000000000000057
1906,4,-0.4000000000000057
1907,4,-0.4000000000000057
1908,3,-0.4000000000000057
1909,4,-0.4000000000000057
1910,4,-0.4000000000000057
1911,4,-0.4000000000000057
1912,3,-0.4000000000000057
1913,3,-0.4000000000000057
1914,4,-0.4000000000000057
1915,4,-0.4000000000000057
1916,4,-0.4000000000000057
1917,4,-0.4000000000000057
1918,4,-0.4000000000000057
1919,4,-0.4000000000000057
1920,4,-0.4000000000000057
1921,4,-0.4000000000000057
1922,4,-0.4000000000000057
1923,4,-0.4000000000000057
1924,4,-0.4000000000000057
1925,4,2.639513677811543
1926,4,-0.4000000000000057
1927,4,-0.4000000000000057
1928,3,-0.4000000000000057
1929,4,-0.4000000000000057
1930,4,-0.4000000000000057
1931,2,-0.4000000000000057
1932,4,-0.4000000000000057
1933,3,-0.4000000000000057
1934,4,-0.4000000000000057
1935,4,-0.4000000000000057
1936,4,-0.4000000000000057
1937,4,-0.4000000000000057
1938,4,-0.4000000000000057
1939,4,-0.4000000000000057
1940,0,-0.39999999999998437
1941,2,-0.39999999999997726
1942,4,-0.39999999999997726
1943,4,-0.39999999999997726
1944,4,-0.39999999999997726
1945,4,-0.39999999999997726
1946,4,-0.39999999999997726
1947,4,-0.39999999999997726
1948,4,-0.39999999999997726
1949,4,-0.39999999999997726
1950,4,-0.39999999999997726
1951,4,-0.39999999999997726
1952,4,-0.39999999999997726
1953,4,-0.39999999999997726
1954,4,-0.39999999999997726
1955,4,-0.39999999999997726
1956,3,-0.39999999999997726
1957,4,-0.39999999999997726
1958,4,-0.39999999999997726
1959,4,-0.39999999999997726
1960,4,-0.39999999999997726
1961,4,-0.39999999999997726
1962,3,-0.39999999999997726
1963,4,-0.39999999999997726
1964,4,-0.39999999999997726
1965,3,-0.39999999999997726
1966,4,-0.39999999999997726
1967,4,-0.39999999999997726
1968,4,-0.39999999999997726
1969,4,-0.39999999999997726
1970,4,-0.39999999999997726
1971,4,-0.39999999999997726
1972,4,-0.39999999999997726
1973,4,-0.39999999999997726
1974,4,-0.39999999999997726
1975,3,-0.39999999999997726
1976,4,-0.39999999999997726
1977,3,-0.39999999999997726
1978,4,-0.39999999999997726
1979,4,-0.39999999999997726
1980,2,-0.39999999999997726
1981,3,-0.39999999999997726
1982,4,-0.39999999999997726
1983,4,-0.39999999999997726
1984,4,-0.39999999999997726
1985,4,-0.39999999999997726
1986,4,-0.39999999999997726
1987,4,-0.39999999999997726
1988,4,-0.39999999999997726
1989,4,-0.39999999999997726
1990,1,-0.39999999999997726
1991,4,-0.39999999999997726
1992,4,-0.39999999999997726
1993,4,-0.39999999999997726
1994,4,-0.39999999999997726
1995,3,-0.39999999999997726
1996,4,-0.39999999999997726
1997,4,-0.39999999999997726
1998,1,-0.39999999999997726
1999,4,-0.39999999999997726
2000,2,6.135947712418302
2001,1,-0.3999999999999986
2002,4,-0.3999999999999986
2003,4,-0.3999999999999986
2004,4,-0.3999999999999986
2005,4,-0.3999999999999986
2006,4,-0.3999999999999999
2007,4,-0.40000000000000036
2008,4,-0.40000000000000036
2009,4,-0.40000000000000036
2010,4,-0.40000000000000036
2011,4,-0.40000000000000036
2012,4,-0.40000000000000036
2013,4,-0.40000000000000024
2014,4,-0.3999999999999999
2015,4,-0.3999999999999999
2016,4,-0.4
2017,4,-0.39999999999999997
2018,4,-0.4
2019,4,-0.40000000000000036
2020,4,-0.40000000000000036
2021,4,-0.40000000000000013
2022,4,-0.40000000000000036
2023,4,-0.40000000000000036
2024,2,-0.40000000000000036
2025,4,-0.40000000000000036
2026,4,-0.39999999999999947
2027,4,-0.3999999999999986
2028,4,-0.3999999999999986
2029,4,-0.3999999999999986
2030,4,-0.3999999999999986
2031,4,-0.3999999999999986
2032,4,-0.3999999999999986
2033,4,-0.3999999999999986
2034,4,-0.3999999999999986
2035,4,-0.3999999999999986
2036,4,-0.3999999999999986
2037,4,-0.3999999999999986
2038,4,-0.3999999999999986
2039,4,-0.3999999999999986
2040,4,-0.3999999999999986
2041,4,-0.3999999999999986
2042,4,-0.3999999999999986
2043,4,-0.3999999999999986
2044,4,-0.3999999999999986
2045,4,-0.3999999999999986
2046,4,-0.3999999999999986
2047,4,-0.3999999999999986
2048,4,-0.3999999999999986
2049,4,-0.3999999999999986
2050,1,-0.3999999999999986
2051,4,-0.3999999999999986
2052,4,-0.3999999999999986
2053,4,-0.3999999999999986
2054,4,-0.3999999999999986
2055,4,-0.3999999999999986
2056,4,-0.40000000000000213
2057,4,-0.4000000000000057
2058,4,-0.4000000000000057
2059,4,-0.4000000000000057
2060,4,-0.4000000000000057
2061,4,-0.4000000000000057
2062,4,-0.4000000000000057
2063,4,-0.4000000000000057
2064,4,-0.4000000000000057
2065,4,-0.4000000000000057
2066,4,-0.4000000000000057
2067,4,-0.4000000000000057
2068,4,-0.4000000000000057
2069,4,-0.4000000000000057
2070,4,-0.4000000000000057
2071,4,-0.4000000000000057
2072,4,-0.4000000000000057
2073,4,-0.4000000000000057
2074,4,-0.4000000000000057
2075,4,-0.4000000000000057
2076,3,-0.4000000000000057
2077,4,-0.4000000000000057
2078,4,-0.4000000000000057
2079,4,-0.4000000000000057
2080,4,-0.4000000000000057
2081,4,-0.4000000000000057
2082,4,-0.4000000000000057
2083,4,-0.4000000000000057
2084,4,-0.4000000000000057
2085,4,-0.4000000000000057
2086,4,-0.4000000000000057
2087,4,-0.4000000000000057
2088,4,-0.4000000000000057
2089,4,-0.4000000000000057
2090,4,-0.4000000000000057
2091,4,-0.4000000000000057
2092,4,-0.4000000000000057
2093,3,-0.4000000000000057
2094,4,-0.4000000000000057
2095,4,-0.4000000000000057
2096,4,-0.4000000000000057
2097,4,-0.4000000000000057
2098,4,-0.4000000000000057
2099,4,-0.4000000000000057
2100,4,-0.4000000000000057
2101,4,-0.4000000000000057
2102,4,-0.4000000000000057
2103,4,-0.4000000000000057
2104,4,-0.4000000000000057
2105,4,-0.4000000000000057
2106,4,-0.4000000000000057
2107,4,-0.4000000000000057
2108,4,-0.4000000000000057
2109,4,-0.4000000000000057
2110,4,-0.4000000000000057
2111,2,-0.4000000000000057
2112,4,-0.4000000000000057
2113,4,-0.4000000000000057
2114,3,-0.4000000000000057
2115,4,2.8679738562091472
2116,4,-0.4000000000000057
2117,4,-0.4000000000000057
2118,4,-0.4000000000000057
2119,4,-0.4000000000000057
2120,4,-0.4000000000000057
2121,4,-0.4000000000000057
2122,4,-0.4000000000000057
2123,4,-0.4000000000000057
2124,4,-0.4000000000000057
2125,4,-0.4000000000000057
2126,4,-0.4000000000000057
2127,4,-0.4000000000000057
2128,4,-0.4000000000000057
2129,4,-0.4000000000000057
2130,4,-0.4000000000000057
2131,4,-0.4000000000000057
2132,4,-0.4000000000000057
2133,4,-0.4000000000000057
2134,4,-0.4000000000000057
2135,4,-0.4000000000000057
2136,4,-0.4000000000000057
2137,4,-0.4000000000000057
2138,4,-0.4000000000000057
2139,4,-0.4000000000000057
2140,4,-0.4000000000000057
2141,4,-0.4000000000000057
2142,4,-0.4000000000000057
2143,4,-0.4000000000000057
2144,4,-0.4000000000000057
2145,4,-0.4000000000000057
2146,4,-0.4000000000000057
2147,4,-0.4000000000000057
2148,3,-0.4000000000000057
2149,4,-0.4000000000000057
2150,4,-0.4000000000000057
2151,4,-0.4000000000000057
2152,4,-0.4000000000000057
2153,4,-0.4000000000000057
2154,4,-0.4000000000000057
2155,4,-0.4000000000000057
2156,4,-0.4000000000000057
2157,4,-0.4000000000000057
2158,4,-0.4000000000000057
2159,4,-0.4000000000000057
2160,4,-0.4000000000000057
2161,4,-0.4000000000000057
2162,4,-0.4000000000000057
2163,4,-0.4000000000000057
2164,4,-0.4000000000000057
2165,4,-0.4000000000000057
2166,3,-0.4000000000000057
2167,4,-0.4000000000000057
2168,4,-0.4000000000000057
2169,4,-0.4000000000000057
2170,4,-0.4000000000000057
2171,4,-0.4000000000000057
2172,4,-0.4000000000000057
2173,4,-0.4000000000000057
2174,3,-0.4000000000000057
2175,4,-0.4000000000000057
2176,4,-0.4000000000000057
2177,3,-0.4000000000000057
2178,4,-0.4000000000000057
2179,4,-0.4000000000000057
2180,4,-0.4000000000000057
2181,4,-0.4000000000000057
2182,4,-0.4000000000000057
2183,4,-0.4000000000000057
2184,4,-0.3999999999999986
2185,4,-0.39999999999997726
2186,4,-0.39999999999997726
2187,4,-0.39999999999997726
2188,4,-0.39999999999997726
2189,4,-0.39999999999997726
2190,4,-0.39999999999997726
2191,4,-0.39999999999997726
2192,4,-0.39999999999997726
2193,1,-0.39999999999997726
2194,4,-0.39999999999997726
2195,4,-0.39999999999997726
2196,4,-0.39999999999997726
2197,4,-0.39999999999997726
2198,4,-0.39999999999997726
2199,4,-0.39999999999997726
2200,4,-0.39999999999997726
2201,4,-0.39999999999997726
2202,4,-0.39999999999997726
2203,4,-0.39999999999997726
2204,4,-0.39999999999997726
2205,4,-0.39999999999997726
2206,4,-0.39999999999997726
2207,3,-0.39999999999997726
2208,4,-0.39999999999997726
2209,4,-0.39999999999997726
2210,4,-0.39999999999997726
2211,4,-0.39999999999997726
2212,4,-0.39999999999997726
2213,4,-0.39999999999997726
2214,4,-0.39999999999997726
2215,4,-0.39999999999997726
2216,4,-0.39999999999997726
2217,4,-0.39999999999997726
2218,4,-0.39999999999997726
2219,4,-0.39999999999997726
2220,4,-0.39999999999997726
2221,4,-0.39999999999997726
2222,4,-0.39999999999997726
2223,4,-0.39999999999997726
2224,4,-0.39999999999997726
2225,4,-0.39999999999997726
2226,4,-0.39999999999997726
2227,4,-0.39999999999997726
2228,4,-0.39999999999997726
2229,4,-0.39999999999997726
2230,4,-0.39999999999997726
2231,4,-0.39999999999997726
2232,4,-0.39999999999997726
2233,4,-0.39999999999997726
2234,3,-0.39999999999997726
2235,4,-0.39999999999997726
2236,4,-0.39999999999997726
2237,4,-0.39999999999997726
2238,4,-0.39999999999997726
2239,4,-0.39999999999997726
2240,4,-0.39999999999997726
2241,4,-0.39999999999997726
2242,4,-0.39999999999997726
2243,4,-0.39999999999997726
2244,4,-0.39999999999997726
2245,4,-0.39999999999997726
2246,4,-0.39999999999997726
2247,4,-0.39999999999997726
2248,4,-0.39999999999997726
2249,4,-0.39999999999997726
2250,2,6.66713780918728
2251,2,-0.3999999999999986
2252,4,-0.3999999999999986
2253,4,-0.3999999999999986
2254,4,-0.3999999999999986
2255,4,-0.3999999999999986
2256,4,-0.3999999999999986
2257,4,-0.39999999999999947
2258,4,-0.40000000000000036
2259,4,-0.40000000000000036
2260,4,-0.40000000000000036
2261,4,-0.40000000000000036
2262,4,-0.40000000000000036
2263,4,-0.40000000000000036
2264,4,-0.40000000000000036
2265,4,-0.3999999999999999
2266,4,-0.3999999999999999
2267,4,-0.4
2268,4,-0.4
2269,4,-0.3999999999999999
2270,4,-0.40000000000000036
2271,4,-0.40000000000000036
2272,4,-0.40000000000000013
2273,4,-0.40000000000000036
2274,4,-0.40000000000000036
2275,4,-0.40000000000000036
2276,4,-0.40000000000000036
2277,4,-0.3999999999999999
2278,4,-0.3999999999999986
2279,4,-0.3999999999999986
2280,4,-0.3999999999999986
2281,4,-0.3999999999999986
2282,4,-0.3999999999999986
2283,4,-0.3999999999999986
2284,4,-0.3999999999999986
2285,4,-0.3999999999999986
2286,4,-0.3999999999999986
2287,4,-0.39999999999999947
2288,4,-0.3999999999999986
2289,4,-0.3999999999999986
2290,4,-0.3999999999999986
2291,4,-0.3999999999999986
2292,4,-0.3999999999999986
2293,4,-0.3999999999999986
2294,4,-0.3999999999999986
2295,4,-0.3999999999999986
2296,4,-0.3999999999999986
2297,4,-0.3999999999999986
2298,4,-0.3999999999999986
2299,4,-0.3999999999999986
2300,4,-0.3999999999999986
2301,4,-0.3999999999999986
2302,4,-0.3999999999999986
2303,4,-0.3999999999999986
2304,4,-0.3999999999999986
2305,4,-0.3999999999999986
2306,4,-0.3999999999999986
2307,4,-0.40000000000000213
2308,4,-0.4000000000000057
2309,4,-0.4000000000000057
2310,4,-0.4000000000000057
2311,4,-0.4000000000000057
2312,4,-0.4000000000000057
2313,4,-0.4000000000000057
2314,4,-0.4000000000000057
2315,4,-0.4000000000000057
2316,4,-0.4000000000000057
2317,4,-0.4000000000000057
2318,4,-0.4000000000000057
2319,4,-0.4000000000000057
2320,4,-0.4000000000000057
2321,4,-0.4000000000000057
2322,4,-0.4000000000000057
2323,4,-0.4000000000000057
2324,4,-0.4000000000000057
2325,4,-0.4000000000000057
2326,4,-0.4000000000000057
2327,4,-0.4000000000000057
2328,4,-0.4000000000000057
2329,4,-0.4000000000000057
2330,4,-0.4000000000000057
2331,4,-0.4000000000000057
2332,4,-0.4000000000000057
2333,4,-0.4000000000000057
2334,4,-0.4000000000000057
2335,4,-0.4000000000000057
2336,4,-0.4000000000000057
2337,4,-0.4000000000000057
2338,4,-0.4000000000000057
2339,4,-0.4000000000000057
2340,4,-0.4000000000000057
2341,4,-0.4000000000000057
2342,4,-0.4000000000000057
2343,4,-0.4000000000000057
2344,4,-0.4000000000000057
2345,4,-0.4000000000000057
2346,4,-0.4000000000000057
2347,4,-0.40000000000000213
2348,4,-0.4000000000000057
2349,4,-0.4000000000000057
2350,4,-0.4000000000000057
2351,4,-0.4000000000000057
2352,4,-0.4000000000000057
2353,4,-0.4000000000000057
2354,4,-0.4000000000000057
2355,4,-0.4000000000000057
2356,4,-0.4000000000000057
2357,4,-0.4000000000000057
2358,4,-0.4000000000000057
2359,4,-0.4000000000000057
2360,4,-0.4000000000000057
2361,4,-0.4000000000000057
2362,4,-0.4000000000000057
2363,4,-0.4000000000000057
2364,4,-0.4000000000000057
2365,4,-0.4000000000000057
2366,4,-0.4000000000000057
2367,4,-0.4000000000000057
2368,4,-0.4000000000000057
2369,4,-0.4000000000000057
2370,4,-0.4000000000000057
2371,4,-0.4000000000000057
2372,4,-0.4000000000000057
2373,4,-0.4000000000000057
2374,4,-0.4000000000000057
2375,4,-0.4000000000000057
2376,4,-0.4000000000000057
2377,4,-0.4000000000000057
2378,4,-0.4000000000000057
2379,4,-0.4000000000000057
2380,4,-0.4000000000000057
2381,4,-0.4000000000000057
2382,4,-0.4000000000000057
2383,4,-0.4000000000000057
2384,4,-0.4000000000000057
2385,4,-0.4000000000000057
2386,4,-0.4000000000000057
2387,4,-0.4000000000000057
2388,4,-0.4000000000000057
2389,4,-0.4000000000000057
2390,4,-0.4000000000000057
2391,4,-0.4000000000000057
2392,4,-0.4000000000000057
2393,4,-0.4000000000000057
2394,4,-0.4000000000000057
2395,4,-0.4000000000000057
2396,4,-0.4000000000000057
2397,4,-0.4000000000000057
2398,4,-0.4000000000000057
2399,4,-0.4000000000000057
2400,4,-0.4000000000000057
2401,4,-0.4000000000000057
2402,4,-0.4000000000000057
2403,4,-0.4000000000000057
2404,4,-0.4000000000000057
2405,4,-0.4000000000000057
2406,4,-0.4000000000000057
2407,4,-0.4000000000000057
2408,4,-0.4000000000000057
2409,4,-0.4000000000000057
2410,4,-0.4000000000000057
2411,4,-0.4000000000000057
2412,4,-0.4000000000000057
